0.073319
0.074864
0.076373
0.077836
0.079241
0.080606
0.081929
0.083190
0.084395
0.085552
0.086663
0.087698
0.088678
0.089608
0.090483
0.091277
0.092018
0.092706
0.093328
0.093875
0.094368
0.094805
0.095169
0.095466
0.095707
0.095894
0.096002
0.096051
0.096046
0.095987
0.095848
0.095658
0.095417
0.095119
0.094753
0.094339
0.093879
0.093360
0.092785
0.092167
0.091508
0.090791
0.090030
0.089233
0.088399
0.087510
0.086590
0.085639
0.084654
0.083628
0.082576
0.081500
0.080393
0.079259
0.078105
0.076934
0.075737
0.074523
0.073297
0.072059
0.070802
0.069537
0.068267
0.066990
0.065703
0.064414
0.063126
0.061835
0.060544
0.059257
0.057975
0.056696
0.055423
0.054159
0.052904
0.051657
0.050422
0.049199
0.047988
0.046791
0.045609
0.044441
0.043290
0.042156
0.041038
0.039938
0.038857
0.037795
0.036751
0.035726
0.034722
0.033738
0.032774
0.031829
0.030907
0.030005
0.029122
0.028260
0.027421
0.026600
0.025799
0.025021
0.024263
0.023523
0.022803
0.022105
0.021425
0.020764
0.020120
0.019499
0.018894
0.018306
0.017736
0.017185
0.016650
0.016130
0.015628
0.015143
0.014672
0.014214
0.013774
0.013348
0.012935
0.012534
0.012150
0.011777
0.011416
0.011066
0.010730
0.010405
0.010089
0.009785
0.009492
0.009207
0.008931
0.008666
0.008410
0.008161
0.007919
0.007687
0.007462
0.007243
0.007031
0.006826
0.006626
0.006432
0.006244
0.006061
0.005883
0.005708
0.005539
0.005374
0.005212
0.005053
0.004898
0.004746
0.004597
0.004450
0.004306
0.004163
0.004023
0.003885
0.003747
0.003612
0.003478
0.003345
0.003213
0.003082
0.002953
0.002823
0.002695
0.002568
0.002442
0.002316
0.002191
0.002068
0.001945
0.001824
0.001704
0.001586
0.001468
0.001353
0.001240
0.001130
0.001021
0.000915
0.000813
0.000715
0.000620
0.000529
0.000443
0.000362
0.000286
0.000216
0.000153
0.000096
0.000047
0.000005
-0.000028
-0.000052
-0.000067
-0.000072
-0.000066
-0.000049
-0.000021
0.000020
0.000073
0.000139
0.000219
0.000314
0.000423
0.000548
0.000688
0.000844
0.001018
0.001208
0.001415
0.001640
0.001884
0.002146
0.002425
0.002724
0.003042
0.003379
0.003734
0.004109
0.004502
0.004914
0.005345
0.005795
0.006262
0.006748
0.007251
0.007771
0.008307
0.008859
0.009427
0.010008
0.010604
0.011213
0.011833
0.012464
0.013106
0.013758
0.014415
0.015080
0.015751
0.016427
0.017103
0.017781
0.018461
0.019140
0.019812
0.020482
0.021149
0.021805
0.022451
0.023089
0.023717
0.024326
0.024919
0.025499
0.026064
0.026599
0.027116
0.027613
0.028086
0.028525
0.028942
0.029333
0.029691
0.030013
0.030306
0.030571
0.030793
0.030980
0.031135
0.031257
0.031328
0.031364
0.031368
0.031332
0.031247
0.031127
0.030972
0.030774
0.030531
0.030253
0.029942
0.029584
0.029188
0.028760
0.028301
0.027793
0.027256
0.026692
0.026096
0.025462
0.024804
0.024123
0.023415
0.022679
0.021926
0.021158
0.020366
0.019559
0.018743
0.017920
0.017080
0.016237
0.015394
0.014551
0.013704
0.012863
0.012032
0.011209
0.010394
0.009595
0.008815
0.008051
0.007307
0.006589
0.005898
0.005232
0.004596
0.003994
0.003426
0.002892
0.002397
0.001942
0.001527
0.001154
0.000826
0.000542
0.000304
0.000114
-0.000029
-0.000123
-0.000169
-0.000164
-0.000110
-0.000006
0.000148
0.000352
0.000605
0.000908
0.001259
0.001658
0.002104
0.002596
0.003133
0.003714
0.004338
0.005002
0.005705
0.006447
0.007225
0.008035
0.008878
0.009752
0.010654
0.011578
0.012528
0.013500
0.014488
0.015489
0.016506
0.017537
0.018569
0.019607
0.020650
0.021696
0.022729
0.023759
0.024784
0.025798
0.026789
0.027768
0.028731
0.029667
0.030574
0.031458
0.032317
0.033133
0.033913
0.034662
0.035378
0.036035
0.036653
0.037233
0.037766
0.038236
0.038662
0.039044
0.039366
0.039626
0.039838
0.040001
0.040094
0.040129
0.040113
0.040047
0.039903
0.039707
0.039461
0.039160
0.038787
0.038367
0.037899
0.037373
0.036787
0.036158
0.035487
0.034759
0.033985
0.033175
0.032331
0.031434
0.030507
0.029554
0.028573
0.027553
0.026516
0.025464
0.024391
0.023299
0.022202
0.021101
0.019990
0.018878
0.017772
0.016676
0.015581
0.014502
0.013441
0.012401
0.011378
0.010382
0.009417
0.008481
0.007577
0.006712
0.005885
0.005099
0.004354
0.003656
0.003005
0.002400
0.001846
0.001342
0.000891
0.000491
0.000145
-0.000148
-0.000386
-0.000571
-0.000703
-0.000781
-0.000807
-0.000780
-0.000703
-0.000576
-0.000401
-0.000179
0.000089
0.000401
0.000752
0.001144
0.001573
0.002037
0.002532
0.003057
0.003610
0.004186
0.004782
0.005398
0.006031
0.006672
0.007323
0.007982
0.008647
0.009303
0.009959
0.010612
0.011256
0.011880
0.012492
0.013090
0.013664
0.014208
0.014732
0.015231
0.015689
0.016114
0.016507
0.016870
0.017176
0.017447
0.017680
0.017871
0.018004
0.018098
0.018150
0.018151
0.018098
0.018003
0.017867
0.017673
0.017433
0.017152
0.016833
0.016454
0.016038
0.015588
0.015100
0.014566
0.014003
0.013413
0.012791
0.012138
0.011467
0.010780
0.010069
0.009345
0.008615
0.007881
0.007135
0.006393
0.005658
0.004931
0.004210
0.003507
0.002823
0.002160
0.001520
0.000909
0.000329
-0.000218
-0.000729
-0.001201
-0.001632
-0.002020
-0.002364
-0.002662
-0.002913
-0.003115
-0.003269
-0.003374
-0.003430
-0.003435
-0.003393
-0.003303
-0.003166
-0.002983
-0.002757
-0.002488
-0.002179
-0.001832
-0.001450
-0.001034
-0.000590
-0.000119
0.000377
0.000893
0.001424
0.001969
0.002525
0.003086
0.003647
0.004209
0.004769
0.005314
0.005848
0.006369
0.006873
0.007346
0.007796
0.008222
0.008616
0.008968
0.009288
0.009574
0.009814
0.010008
0.010163
0.010278
0.010336
0.010349
0.010321
0.010250
0.010119
0.009947
0.009736
0.009481
0.009175
0.008834
0.008460
0.008047
0.007597
0.007123
0.006627
0.006100
0.005556
0.005001
0.004440
0.003863
0.003289
0.002722
0.002163
0.001613
0.001085
0.000582
0.000106
-0.000337
-0.000740
-0.001098
-0.001408
-0.001665
-0.001863
-0.001999
-0.002067
-0.002065
-0.001988
-0.001833
-0.001595
-0.001273
-0.000866
-0.000368
0.000223
0.000905
0.001680
0.002552
0.003519
0.004581
0.005737
0.006988
0.008332
0.009767
0.011292
0.012903
0.014598
0.016375
0.018230
0.020156
0.022153
0.024217
0.026338
0.028512
0.030739
0.033014
0.035318
0.037655
0.040024
0.042415
0.044804
0.047205
0.049613
0.052011
0.054382
0.056740
0.059079
0.061370
0.063613
0.065818
0.067978
0.070050
0.072057
0.074002
0.075874
0.077626
0.079297
0.080885
0.082365
0.083712
0.084962
0.086110
0.087117
0.087988
0.088747
0.089392
0.089866
0.090209
0.090432
0.090530
0.090441
0.090230
0.089897
0.089421
0.088776
0.088011
0.087129
0.086093
0.084914
0.083625
0.082229
0.080679
0.079017
0.077261
0.075413
0.073423
0.071355
0.069215
0.066993
0.064673
0.062301
0.059882
0.057400
0.054865
0.052308
0.049734
0.047122
0.044502
0.041890
0.039293
0.036690
0.034120
0.031590
0.029101
0.026650
0.024264
0.021947
0.019699
0.017528
0.015448
0.013465
0.011576
0.009795
0.008128
0.006578
0.005147
0.003844
0.002671
0.001631
0.000727
-0.000037
-0.000661
-0.001143
-0.001482
-0.001677
-0.001728
-0.001636
-0.001402
-0.001027
-0.000513
0.000137
0.000921
0.001836
0.002879
0.004043
0.005326
0.006725
0.008232
0.009840
0.011547
0.013350
0.015235
0.017197
0.019235
0.021345
0.023502
0.025713
0.027975
0.030277
0.032594
0.034940
0.037308
0.039681
0.042040
0.044401
0.046756
0.049076
0.051360
0.053617
0.055843
0.057990
0.060084
0.062126
0.064106
0.065975
0.067774
0.069499
0.071125
0.072629
0.074042
0.075363
0.076551
0.077611
0.078566
0.079414
0.080099
0.080659
0.081104
0.081429
0.081575
0.081602
0.081510
0.081279
0.080884
0.080371
0.079742
0.078963
0.078041
0.077010
0.075872
0.074580
0.073175
0.071676
0.070082
0.068345
0.066528
0.064635
0.062658
0.060578
0.058444
0.056259
0.054006
0.051696
0.049359
0.047001
0.044600
0.042187
0.039777
0.037378
0.034966
0.032583
0.030236
0.027926
0.025649
0.023432
0.021281
0.019194
0.017179
0.015253
0.013419
0.011676
0.010037
0.008509
0.007095
0.005795
0.004620
0.003573
0.002655
0.001869
0.001219
0.000706
0.000331
0.000094
-0.000003
0.000039
0.000219
0.000536
0.000988
0.001573
0.002286
0.003127
0.004091
0.005175
0.006370
0.007675
0.009086
0.010595
0.012193
0.013879
0.015649
0.017486
0.019386
0.021350
0.023371
0.025421
0.027509
0.029633
0.031780
0.033922
0.036075
0.038233
0.040376
0.042485
0.044577
0.046645
0.048655
0.050608
0.052517
0.054374
0.056130
0.057814
0.059427
0.060960
0.062361
0.063676
0.064899
0.066008
0.066976
0.067842
0.068601
0.069215
0.069691
0.070053
0.070300
0.070378
0.070327
0.070160
0.069873
0.069408
0.068830
0.068139
0.067319
0.066346
0.065270
0.064094
0.062787
0.061362
0.059850
0.058256
0.056542
0.054748
0.052890
0.050974
0.048959
0.046904
0.044814
0.042683
0.040504
0.038314
0.036121
0.033914
0.031704
0.029516
0.027356
0.025214
0.023111
0.021061
0.019071
0.017130
0.015265
0.013482
0.011783
0.010170
0.008659
0.007253
0.005955
0.004769
0.003705
0.002765
0.001950
0.001265
0.000714
0.000299
0.000021
-0.000119
-0.000119
0.000021
0.000301
0.000720
0.001278
0.001973
0.002802
0.003765
0.004859
0.006079
0.007423
0.008888
0.010472
0.012163
0.013962
0.015866
0.017869
0.019957
0.022134
0.024396
0.026730
0.029127
0.031590
0.034114
0.036679
0.039284
0.041931
0.044616
0.047304
0.050011
0.052736
0.055467
0.058172
0.060874
0.063568
0.066232
0.068850
0.071440
0.073998
0.076488
0.078916
0.081293
0.083615
0.085832
0.087975
0.090046
0.092037
0.093896
0.095670
0.097356
0.098928
0.100363
0.101699
0.102931
0.104021
0.104975
0.105818
0.106549
0.107110
0.107544
0.107861
0.108055
0.108068
0.107963
0.107740
0.107379
0.106854
0.106214
0.105459
0.104557
0.103515
0.102365
0.101111
0.099706
0.098189
0.096579
0.094876
0.093029
0.091102
0.089098
0.087007
0.084810
0.082553
0.080240
0.077851
0.075397
0.072905
0.070380
0.067797
0.065186
0.062562
0.059929
0.057262
0.054600
0.051950
0.049309
0.046671
0.044064
0.041490
0.038947
0.036439
0.033984
0.031584
0.029234
0.026946
0.024730
0.022587
0.020514
0.018523
0.016618
0.014800
0.013071
0.011437
0.009900
0.008461
0.007122
0.005887
0.004757
0.003732
0.002813
0.002003
0.001300
0.000706
0.000220
-0.000158
-0.000428
-0.000590
-0.000647
-0.000598
-0.000445
-0.000190
0.000167
0.000623
0.001176
0.001824
0.002565
0.003398
0.004317
0.005323
0.006412
0.007583
0.008827
0.010148
0.011541
0.013002
0.014526
0.016113
0.017761
0.019462
0.021213
0.023015
0.024866
0.026752
0.028677
0.030640
0.032637
0.034652
0.036696
0.038765
0.040849
0.042941
0.045047
0.047165
0.049280
0.051392
0.053506
0.055619
0.057708
0.059786
0.061853
0.063905
0.065916
0.067907
0.069875
0.071810
0.073695
0.075550
0.077370
0.079137
0.080850
0.082522
0.084149
0.085702
0.087200
0.088645
0.090037
0.091337
0.092580
0.093764
0.094875
0.095896
0.096852
0.097742
0.098544
0.099258
0.099901
0.100474
0.100943
0.101329
0.101642
0.101880
0.102003
0.102050
0.102022
0.101909
0.101689
0.101394
0.101025
0.100561
0.100003
0.099372
0.098670
0.097867
0.096984
0.096033
0.095014
0.093893
0.092707
0.091460
0.090145
0.088744
0.087287
0.085777
0.084201
0.082558
0.080870
0.079139
0.077345
0.075506
0.073632
0.071728
0.069768
0.067783
0.065777
0.063747
0.061682
0.059606
0.057522
0.055424
0.053312
0.051203
0.049099
0.046991
0.044891
0.042806
0.040740
0.038683
0.036650
0.034646
0.032671
0.030722
0.028811
0.026941
0.025110
0.023321
0.021581
0.019892
0.018254
0.016669
0.015144
0.013678
0.012272
0.010930
0.009654
0.008446
0.007305
0.006236
0.005238
0.004313
0.003462
0.002686
0.001986
0.001362
0.000815
0.000345
-0.000047
-0.000361
-0.000598
-0.000757
-0.000840
-0.000845
-0.000773
-0.000627
-0.000405
-0.000109
0.000259
0.000700
0.001211
0.001792
0.002441
0.003157
0.003937
0.004780
0.005686
0.006652
0.007674
0.008752
0.009886
0.011071
0.012304
0.013586
0.014915
0.016286
0.017696
0.019146
0.020635
0.022154
0.023705
0.025287
0.026899
0.028528
0.030181
0.031858
0.033552
0.035256
0.036975
0.038709
0.040448
0.042189
0.043938
0.045692
0.047439
0.049184
0.050927
0.052669
0.054390
0.056104
0.057811
0.059505
0.061172
0.062827
0.064468
0.066083
0.067671
0.069239
0.070788
0.072300
0.073783
0.075242
0.076676
0.078063
0.079420
0.080750
0.082045
0.083292
0.084507
0.085690
0.086830
0.087922
0.088980
0.090002
0.090972
0.091898
0.092786
0.093636
0.094427
0.095175
0.095884
0.096550
0.097155
0.097719
0.098241
0.098713
0.099128
0.099501
0.099831
0.100103
0.100323
0.100500
0.100634
0.100703
0.100726
0.100704
0.100637
0.100503
0.100326
0.100105
0.099831
0.099498
0.099121
0.098701
0.098222
0.097691
0.097116
0.096499
0.095819
0.095093
0.094325
0.093515
0.092641
0.091726
0.090772
0.089772
0.088716
0.087623
0.086493
0.085314
0.084089
0.082830
0.081538
0.080195
0.078817
0.077409
0.075971
0.074484
0.072972
0.071435
0.069869
0.068266
0.066643
0.065002
0.063334
0.061642
0.059936
0.058220
0.056479
0.054727
0.052970
0.051209
0.049430
0.047652
0.045877
0.044102
0.042324
0.040555
0.038798
0.037047
0.035306
0.033583
0.031880
0.030191
0.028524
0.026884
0.025272
0.023682
0.022125
0.020603
0.019115
0.017661
0.016248
0.014877
0.013548
0.012262
0.011023
0.009833
0.008690
0.007599
0.006561
0.005576
0.004646
0.003771
0.002954
0.002195
0.001494
0.000853
0.000271
-0.000250
-0.000709
-0.001108
-0.001445
-0.001721
-0.001935
-0.002088
-0.002180
-0.002211
-0.002182
-0.002093
-0.001945
-0.001738
-0.001474
-0.001153
-0.000776
-0.000345
0.000140
0.000677
0.001265
0.001902
0.002587
0.003320
0.004096
0.004915
0.005777
0.006679
0.007617
0.008592
0.009603
0.010646
0.011717
0.012819
0.013948
0.015101
0.016275
0.017471
0.018688
0.019918
0.021162
0.022422
0.023695
0.024969
0.026253
0.027545
0.028839
0.030130
0.031422
0.032716
0.034001
0.035278
0.036551
0.037817
0.039066
0.040302
0.041528
0.042741
0.043927
0.045098
0.046253
0.047387
0.048491
0.049576
0.050640
0.051674
0.052678
0.053658
0.054613
0.055531
0.056418
0.057279
0.058112
0.058900
0.059660
0.060390
0.061086
0.061739
0.062361
0.062953
0.063506
0.064018
0.064498
0.064947
0.065351
0.065718
0.066054
0.066358
0.066613
0.066837
0.067028
0.067184
0.067295
0.067376
0.067425
0.067437
0.067409
0.067352
0.067264
0.067136
0.066975
0.066785
0.066567
0.066307
0.066020
0.065705
0.065362
0.064982
0.064576
0.064146
0.063687
0.063196
0.062682
0.062146
0.061580
0.060989
0.060377
0.059745
0.059084
0.058403
0.057704
0.056986
0.056242
0.055482
0.054707
0.053913
0.053099
0.052272
0.051432
0.050574
0.049702
0.048818
0.047925
0.047015
0.046095
0.045167
0.044230
0.043280
0.042325
0.041363
0.040395
0.039417
0.038437
0.037454
0.036465
0.035471
0.034478
0.033484
0.032486
0.031488
0.030493
0.029499
0.028504
0.027513
0.026527
0.025545
0.024566
0.023594
0.022629
0.021669
0.020717
0.019775
0.018843
0.017918
0.017005
0.016104
0.015215
0.014338
0.013475
0.012627
0.011794
0.010975
0.010174
0.009390
0.008624
0.007876
0.007147
0.006439
0.005751
0.005084
0.004440
0.003818
0.003219
0.002643
0.002093
0.001567
0.001067
0.000593
0.000145
-0.000275
-0.000667
-0.001032
-0.001368
-0.001675
-0.001953
-0.002201
-0.002420
-0.002608
-0.002766
-0.002893
-0.002989
-0.003054
-0.003088
-0.003091
-0.003063
-0.003003
-0.002913
-0.002792
-0.002640
-0.002457
-0.002244
-0.002001
-0.001728
-0.001426
-0.001095
-0.000735
-0.000348
0.000067
0.000509
0.000976
0.001469
0.001986
0.002527
0.003091
0.003677
0.004284
0.004912
0.005558
0.006222
0.006903
0.007602
0.008312
0.009037
0.009776
0.010525
0.011282
0.012049
0.012824
0.013603
0.014387
0.015174
0.015966
0.016753
0.017541
0.018328
0.019112
0.019886
0.020656
0.021420
0.022173
0.022913
0.023642
0.024362
0.025063
0.025746
0.026415
0.027068
0.027695
0.028302
0.028891
0.029459
0.029994
0.030507
0.030997
0.031460
0.031889
0.032293
0.032671
0.033015
0.033324
0.033607
0.033861
0.034074
0.034255
0.034407
0.034528
0.034605
0.034652
0.034668
0.034649
0.034590
0.034500
0.034380
0.034222
0.034026
0.033802
0.033548
0.033255
0.032930
0.032577
0.032196
0.031775
0.031329
0.030857
0.030358
0.029825
0.029270
0.028693
0.028088
0.027459
0.026810
0.026144
0.025453
0.024743
0.024020
0.023283
0.022525
0.021756
0.020978
0.020189
0.019388
0.018581
0.017769
0.016952
0.016129
0.015306
0.014483
0.013660
0.012838
0.012021
0.011210
0.010403
0.009604
0.008816
0.008038
0.007270
0.006515
0.005775
0.005051
0.004342
0.003651
0.002980
0.002327
0.001696
0.001086
0.000499
-0.000064
-0.000602
-0.001116
-0.001604
-0.002064
-0.002497
-0.002903
-0.003280
-0.003627
-0.003945
-0.004234
-0.004491
-0.004718
-0.004915
-0.005081
-0.005215
-0.005318
-0.005391
-0.005432
-0.005441
-0.005420
-0.005368
-0.005286
-0.005173
-0.005030
-0.004859
-0.004658
-0.004428
-0.004171
-0.003886
-0.003574
-0.003236
-0.002873
-0.002486
-0.002074
-0.001639
-0.001183
-0.000706
-0.000208
0.000309
0.000844
0.001396
0.001964
0.002547
0.003144
0.003753
0.004373
0.005004
0.005644
0.006290
0.006944
0.007603
0.008266
0.008930
0.009597
0.010264
0.010929
0.011590
0.012249
0.012904
0.013549
0.014187
0.014817
0.015439
0.016044
0.016638
0.017221
0.017788
0.018335
0.018867
0.019382
0.019877
0.020348
0.020800
0.021233
0.021637
0.022017
0.022375
0.022710
0.023011
0.023287
0.023539
0.023762
0.023952
0.024115
0.024251
0.024355
0.024426
0.024469
0.024485
0.024465
0.024415
0.024336
0.024230
0.024087
0.023916
0.023717
0.023490
0.023229
0.022942
0.022629
0.022288
0.021916
0.021522
0.021105
0.020659
0.020190
0.019701
0.019192
0.018657
0.018105
0.017536
0.016950
0.016345
0.015727
0.015097
0.014454
0.013798
0.013134
0.012463
0.011783
0.011098
0.010410
0.009720
0.009027
0.008334
0.007644
0.006956
0.006272
0.005595
0.004924
0.004262
0.003610
0.002969
0.002339
0.001724
0.001124
0.000539
-0.000030
-0.000579
-0.001109
-0.001620
-0.002111
-0.002577
-0.003021
-0.003444
-0.003842
-0.004213
-0.004560
-0.004882
-0.005177
-0.005445
-0.005686
-0.005903
-0.006089
-0.006248
-0.006381
-0.006488
-0.006564
-0.006615
-0.006640
-0.006640
-0.006611
-0.006558
-0.006482
-0.006380
-0.006254
-0.006107
-0.005939
-0.005748
-0.005537
-0.005309
-0.005063
-0.004798
-0.004518
-0.004224
-0.003918
-0.003597
-0.003266
-0.002927
-0.002579
-0.002223
-0.001862
-0.001497
-0.001129
-0.000759
-0.000389
-0.000020
0.000347
0.000710
0.001068
0.001421
0.001765
0.002102
0.002429
0.002746
0.003050
0.003342
0.003621
0.003885
0.004133
0.004366
0.004582
0.004780
0.004960
0.005122
0.005266
0.005388
0.005492
0.005576
0.005640
0.005683
0.005706
0.005710
0.005692
0.005654
0.005597
0.005521
0.005424
0.005309
0.005175
0.005024
0.004855
0.004669
0.004467
0.004249
0.004017
0.003770
0.003510
0.003238
0.002954
0.002659
0.002355
0.002042
0.001721
0.001393
0.001058
0.000719
0.000377
0.000030
-0.000318
-0.000666
-0.001015
-0.001364
-0.001709
-0.002051
-0.002390
-0.002726
-0.003053
-0.003374
-0.003689
-0.003996
-0.004290
-0.004576
-0.004853
-0.005118
-0.005368
-0.005608
-0.005835
-0.006047
-0.006243
-0.006426
-0.006596
-0.006747
-0.006881
-0.007002
-0.007108
-0.007192
-0.007262
-0.007317
-0.007355
-0.007374
-0.007377
-0.007367
-0.007338
-0.007293
-0.007233
-0.007161
-0.007071
-0.006966
-0.006850
-0.006723
-0.006578
-0.006424
-0.006260
-0.006086
-0.005900
-0.005707
-0.005507
-0.005299
-0.005084
-0.004865
-0.004642
-0.004415
-0.004185
-0.003954
-0.003723
-0.003491
-0.003260
-0.003033
-0.002808
-0.002586
-0.002369
-0.002158
-0.001953
-0.001754
-0.001564
-0.001382
-0.001209
-0.001045
-0.000892
-0.000750
-0.000618
-0.000498
-0.000391
-0.000295
-0.000212
-0.000142
-0.000085
-0.000042
-0.000011
0.000007
0.000011
0.000002
-0.000021
-0.000056
-0.000104
-0.000164
-0.000237
-0.000322
-0.000419
-0.000526
-0.000645
-0.000774
-0.000914
-0.001063
-0.001221
-0.001388
-0.001563
-0.001745
-0.001934
-0.002131
-0.002332
-0.002539
-0.002752
-0.002969
-0.003188
-0.003411
-0.003637
-0.003864
-0.004093
-0.004322
-0.004553
-0.004783
-0.005012
-0.005240
-0.005468
-0.005691
-0.005913
-0.006132
-0.006349
-0.006560
-0.006767
-0.006971
-0.007170
-0.007362
-0.007550
-0.007733
-0.007909
-0.008079
-0.008242
-0.008400
-0.008550
-0.008692
-0.008828
-0.008958
-0.009078
-0.009191
-0.009298
-0.009396
-0.009485
-0.009568
-0.009643
-0.009710
-0.009768
-0.009818
-0.009862
-0.009896
-0.009923
-0.009942
-0.009954
-0.009956
-0.009951
-0.009940
-0.009921
-0.009892
-0.009857
-0.009815
-0.009766
-0.009708
-0.009644
-0.009573
-0.009494
-0.009409
-0.009317
-0.009219
-0.009113
-0.009001
-0.008883
-0.008759
-0.008627
-0.008490
-0.008348
-0.008199
-0.008044
-0.007884
-0.007719
-0.007547
-0.007370
-0.007188
-0.007002
-0.006809
-0.006611
-0.006410
-0.006203
-0.005991
-0.005775
-0.005556
-0.005331
-0.005102
-0.004869
-0.004633
-0.004392
-0.004147
-0.003899
-0.003649
-0.003393
-0.003135
-0.002875
-0.002611
-0.002345
-0.002076
-0.001805
-0.001531
-0.001256
-0.000979
-0.000700
-0.000420
-0.000138
0.000144
0.000426
0.000710
0.000993
0.001276
0.001559
0.001841
0.002122
0.002402
0.002680
0.002956
0.003229
0.003501
0.003768
0.004032
0.004293
0.004549
0.004800
0.005046
0.005287
0.005523
0.005750
0.005971
0.006186
0.006393
0.006590
0.006779
0.006960
0.007131
0.007290
0.007440
0.007581
0.007707
0.007822
0.007926
0.008018
0.008094
0.008157
0.008208
0.008244
0.008263
0.008268
0.008260
0.008235
0.008192
0.008134
0.008062
0.007970
0.007862
0.007738
0.007599
0.007438
0.007261
0.007069
0.006860
0.006631
0.006387
0.006127
0.005850
0.005555
0.005245
0.004922
0.004580
0.004224
0.003855
0.003475
0.003076
0.002667
0.002248
0.001818
0.001375
0.000925
0.000468
0.000002
-0.000471
-0.000948
-0.001427
-0.001912
-0.002398
-0.002884
-0.003367
-0.003851
-0.004330
-0.004803
-0.005270
-0.005730
-0.006180
-0.006618
-0.007045
-0.007457
-0.007854
-0.008234
-0.008595
-0.008936
-0.009255
-0.009552
-0.009823
-0.010069
-0.010288
-0.010479
-0.010638
-0.010767
-0.010864
-0.010927
-0.010954
-0.010947
-0.010905
-0.010824
-0.010704
-0.010547
-0.010352
-0.010114
-0.009837
-0.009521
-0.009165
-0.008767
-0.008328
-0.007851
-0.007333
-0.006774
-0.006177
-0.005543
-0.004869
-0.004158
-0.003412
-0.002632
-0.001816
-0.000969
-0.000090
0.000818
0.001755
0.002719
0.003708
0.004720
0.005752
0.006805
0.007876
0.008961
0.010059
0.011170
0.012291
0.013416
0.014546
0.015681
0.016817
0.017946
0.019073
0.020196
0.021310
0.022408
0.023496
0.024572
0.025627
0.026659
0.027673
0.028668
0.029629
0.030563
0.031472
0.032353
0.033190
0.033996
0.034771
0.035508
0.036197
0.036850
0.037467
0.038036
0.038557
0.039038
0.039477
0.039861
0.040198
0.040492
0.040742
0.040929
0.041072
0.041170
0.041219
0.041209
0.041154
0.041054
0.040901
0.040694
0.040443
0.040149
0.039798
0.039401
0.038962
0.038482
0.037945
0.037369
0.036755
0.036100
0.035396
0.034657
0.033886
0.033075
0.032224
0.031344
0.030437
0.029493
0.028520
0.027524
0.026507
0.025457
0.024389
0.023305
0.022204
0.021081
0.019948
0.018806
0.017652
0.016489
0.015322
0.014155
0.012983
0.011811
0.010645
0.009485
0.008329
0.007184
0.006052
0.004934
0.003829
0.002744
0.001679
0.000636
-0.000383
-0.001376
-0.002340
-0.003274
-0.004177
-0.005046
-0.005879
-0.006675
-0.007431
-0.008148
-0.008822
-0.009452
-0.010037
-0.010576
-0.011068
-0.011509
-0.011901
-0.012243
-0.012533
-0.012768
-0.012952
-0.013082
-0.013155
-0.013174
-0.013138
-0.013048
-0.012898
-0.012695
-0.012436
-0.012123
-0.011752
-0.011328
-0.010850
-0.010318
-0.009733
-0.009097
-0.008411
-0.007673
-0.006888
-0.006055
-0.005177
-0.004254
-0.003288
-0.002281
-0.001234
-0.000150
0.000970
0.002124
0.003309
0.004524
0.005766
0.007035
0.008325
0.009636
0.010966
0.012314
0.013671
0.015041
0.016421
0.017808
0.019195
0.020585
0.021978
0.023364
0.024742
0.026115
0.027480
0.028827
0.030159
0.031476
0.032779
0.034049
0.035299
0.036527
0.037730
0.038893
0.040030
0.041138
0.042209
0.043239
0.044235
0.045198
0.046113
0.046985
0.047820
0.048617
0.049357
0.050055
0.050713
0.051326
0.051881
0.052394
0.052864
0.053284
0.053650
0.053972
0.054252
0.054476
0.054651
0.054784
0.054875
0.054908
0.054898
0.054848
0.054755
0.054608
0.054423
0.054199
0.053933
0.053621
0.053275
0.052893
0.052470
0.052010
0.051519
0.050998
0.050437
0.049847
0.049231
0.048589
0.047913
0.047214
0.046494
0.045750
0.044982
0.044196
0.043393
0.042570
0.041731
0.040878
0.040014
0.039134
0.038244
0.037346
0.036440
0.035524
0.034604
0.033679
0.032750
0.031817
0.030883
0.029949
0.029015
0.028082
0.027151
0.026223
0.025298
0.024379
0.023464
0.022555
0.021654
0.020760
0.019873
0.018995
0.018126
0.017267
0.016418
0.015579
0.014752
0.013936
0.013130
0.012338
0.011559
0.010791
0.010036
0.009296
0.008568
0.007853
0.007152
0.006467
0.005795
0.005136
0.004493
0.003864
0.003250
0.002650
0.002066
0.001496
0.000942
0.000401
-0.000122
-0.000631
-0.001125
-0.001604
-0.002066
-0.002513
-0.002945
-0.003361
-0.003760
-0.004144
-0.004513
-0.004864
-0.005200
-0.005519
-0.005823
-0.006109
-0.006379
-0.006633
-0.006871
-0.007090
-0.007292
-0.007479
-0.007648
-0.007799
-0.007933
-0.008051
-0.008151
-0.008232
-0.008297
-0.008345
-0.008374
-0.008386
-0.008381
-0.008359
-0.008318
-0.008261
-0.008187
-0.008095
-0.007986
-0.007861
-0.007720
-0.007562
-0.007388
-0.007198
-0.006994
-0.006773
-0.006539
-0.006290
-0.006028
-0.005752
-0.005463
-0.005162
-0.004850
-0.004526
-0.004192
-0.003848
-0.003495
-0.003133
-0.002763
-0.002387
-0.002004
-0.001615
-0.001222
-0.000825
-0.000424
-0.000021
0.000384
0.000789
0.001194
0.001599
0.002002
0.002403
0.002800
0.003193
0.003582
0.003965
0.004341
0.004711
0.005074
0.005427
0.005772
0.006107
0.006433
0.006746
0.007049
0.007341
0.007620
0.007885
0.008138
0.008378
0.008603
0.008814
0.009012
0.009195
0.009362
0.009514
0.009652
0.009776
0.009882
0.009974
0.010052
0.010114
0.010161
0.010193
0.010212
0.010215
0.010204
0.010180
0.010143
0.010091
0.010027
0.009951
0.009864
0.009763
0.009652
0.009531
0.009399
0.009258
0.009108
0.008949
0.008783
0.008609
0.008428
0.008242
0.008049
0.007852
0.007651
0.007446
0.007238
0.007028
0.006816
0.006603
0.006390
0.006177
0.005964
0.005753
0.005545
0.005338
0.005135
0.004936
0.004742
0.004552
0.004367
0.004191
0.004020
0.003856
0.003699
0.003552
0.003413
0.003281
0.003161
0.003052
0.002951
0.002860
0.002783
0.002717
0.002662
0.002617
0.002589
0.002572
0.002566
0.002573
0.002597
0.002633
0.002680
0.002744
0.002822
0.002913
0.003016
0.003138
0.003273
0.003420
0.003580
0.003759
0.003950
0.004153
0.004371
0.004605
0.004851
0.005109
0.005381
0.005668
0.005966
0.006274
0.006598
0.006933
0.007277
0.007631
0.008000
0.008377
0.008762
0.009157
0.009562
0.009973
0.010391
0.010817
0.011249
0.011686
0.012127
0.012573
0.013023
0.013474
0.013927
0.014382
0.014837
0.015291
0.015743
0.016193
0.016640
0.017083
0.017521
0.017953
0.018378
0.018796
0.019205
0.019604
0.019993
0.020372
0.020736
0.021088
0.021427
0.021752
0.022058
0.022349
0.022624
0.022881
0.023116
0.023333
0.023532
0.023707
0.023860
0.023993
0.024105
0.024189
0.024250
0.024290
0.024306
0.024292
0.024256
0.024197
0.024111
0.023996
0.023859
0.023699
0.023510
0.023295
0.023057
0.022797
0.022507
0.022195
0.021861
0.021505
0.021122
0.020719
0.020297
0.019854
0.019387
0.018905
0.018406
0.017887
0.017351
0.016802
0.016240
0.015661
0.015071
0.014472
0.013863
0.013242
0.012615
0.011983
0.011345
0.010701
0.010055
0.009409
0.008761
0.008113
0.007468
0.006826
0.006187
0.005554
0.004928
0.004310
0.003699
0.003099
0.002510
0.001932
0.001367
0.000816
0.000280
-0.000241
-0.000744
-0.001231
-0.001700
-0.002149
-0.002578
-0.002987
-0.003376
-0.003742
-0.004085
-0.004406
-0.004704
-0.004977
-0.005226
-0.005450
-0.005649
-0.005822
-0.005969
-0.006091
-0.006186
-0.006253
-0.006295
-0.006311
-0.006297
-0.006258
-0.006192
-0.006099
-0.005977
-0.005830
-0.005656
-0.005455
-0.005227
-0.004973
-0.004694
-0.004388
-0.004056
-0.003700
-0.003320
-0.002914
-0.002484
-0.002032
-0.001556
-0.001057
-0.000537
0.000005
0.000567
0.001151
0.001754
0.002375
0.003015
0.003673
0.004348
0.005038
0.005745
0.006466
0.007201
0.007949
0.008710
0.009482
0.010266
0.011059
0.011861
0.012672
0.013491
0.014316
0.015146
0.015983
0.016824
0.017667
0.018513
0.019361
0.020211
0.021059
0.021908
0.022756
0.023601
0.024442
0.025281
0.026116
0.026944
0.027766
0.028583
0.029394
0.030194
0.030986
0.031770
0.032545
0.033306
0.034058
0.034799
0.035528
0.036241
0.036943
0.037633
0.038306
0.038963
0.039607
0.040237
0.040846
0.041439
0.042017
0.042579
0.043117
0.043639
0.044145
0.044631
0.045093
0.045537
0.045964
0.046367
0.046748
0.047109
0.047451
0.047766
0.048060
0.048333
0.048585
0.048807
0.049008
0.049189
0.049345
0.049472
0.049577
0.049660
0.049716
0.049744
0.049749
0.049733
0.049685
0.049612
0.049516
0.049397
0.049243
0.049067
0.048868
0.048643
0.048386
0.048107
0.047805
0.047474
0.047115
0.046733
0.046330
0.045896
0.045437
0.044957
0.044456
0.043923
0.043369
0.042795
0.042200
0.041576
0.040934
0.040274
0.039591
0.038886
0.038164
0.037428
0.036668
0.035892
0.035102
0.034300
0.033476
0.032641
0.031796
0.030940
0.030067
0.029188
0.028302
0.027407
0.026502
0.025594
0.024684
0.023767
0.022847
0.021927
0.021010
0.020088
0.019170
0.018257
0.017349
0.016443
0.015545
0.014656
0.013776
0.012903
0.012044
0.011197
0.010362
0.009542
0.008737
0.007950
0.007179
0.006427
0.005695
0.004984
0.004293
0.003624
0.002980
0.002359
0.001763
0.001192
0.000648
0.000131
-0.000358
-0.000818
-0.001250
-0.001653
-0.002025
-0.002367
-0.002678
-0.002957
-0.003205
-0.003422
-0.003606
-0.003758
-0.003878
-0.003966
-0.004021
-0.004043
-0.004034
-0.003993
-0.003919
-0.003813
-0.003677
-0.003510
-0.003312
-0.003084
-0.002826
-0.002540
-0.002224
-0.001881
-0.001512
-0.001116
-0.000694
-0.000248
0.000222
0.000715
0.001230
0.001765
0.002321
0.002895
0.003486
0.004095
0.004719
0.005356
0.006006
0.006670
0.007343
0.008024
0.008715
0.009413
0.010115
0.010821
0.011531
0.012244
0.012954
0.013663
0.014373
0.015079
0.015777
0.016470
0.017158
0.017837
0.018504
0.019162
0.019810
0.020442
0.021059
0.021664
0.022255
0.022823
0.023374
0.023910
0.024427
0.024917
0.025389
0.025842
0.026271
0.026672
0.027053
0.027413
0.027743
0.028047
0.028329
0.028588
0.028814
0.029014
0.029192
0.029345
0.029464
0.029560
0.029632
0.029676
0.029688
0.029678
0.029645
0.029583
0.029494
0.029382
0.029249
0.029084
0.028897
0.028689
0.028461
0.028204
0.027928
0.027635
0.027320
0.026983
0.026630
0.026261
0.025872
0.025466
0.025047
0.024615
0.024165
0.023704
0.023232
0.022750
0.022253
0.021750
0.021239
0.020720
0.020192
0.019659
0.019123
0.018581
0.018035
0.017488
0.016940
0.016388
0.015837
0.015287
0.014739
0.014191
0.013646
0.013104
0.012567
0.012033
0.011504
0.010981
0.010464
0.009953
0.009450
0.008953
0.008465
0.007984
0.007512
0.007048
0.006594
0.006149
0.005713
0.005287
0.004871
0.004464
0.004068
0.003682
0.003307
0.002942
0.002587
0.002243
0.001909
0.001585
0.001272
0.000969
0.000677
0.000394
0.000121
-0.000141
-0.000393
-0.000636
-0.000870
-0.001093
-0.001307
-0.001513
-0.001709
-0.001895
-0.002074
-0.002244
-0.002404
-0.002557
-0.002702
-0.002838
-0.002966
-0.003087
-0.003200
-0.003305
-0.003403
-0.003493
-0.003577
-0.003653
-0.003722
-0.003784
-0.003839
-0.003887
-0.003928
-0.003963
-0.003991
-0.004012
-0.004026
-0.004034
-0.004035
-0.004030
-0.004018
-0.004000
-0.003974
-0.003942
-0.003904
-0.003859
-0.003807
-0.003749
-0.003684
-0.003612
-0.003533
-0.003447
-0.003355
-0.003255
-0.003148
-0.003035
-0.002915
-0.002787
-0.002652
-0.002510
-0.002361
-0.002204
-0.002041
-0.001870
-0.001692
-0.001506
-0.001314
-0.001114
-0.000907
-0.000692
-0.000471
-0.000242
-0.000006
0.000237
0.000487
0.000743
0.001007
0.001278
0.001555
0.001838
0.002128
0.002424
0.002726
0.003034
0.003348
0.003667
0.003991
0.004321
0.004655
0.004993
0.005336
0.005683
0.006033
0.006386
0.006742
0.007101
0.007461
0.007823
0.008187
0.008551
0.008915
0.009280
0.009643
0.010005
0.010366
0.010725
0.011080
0.011431
0.011779
0.012124
0.012461
0.012793
0.013119
0.013439
0.013748
0.014051
0.014345
0.014629
0.014901
0.015164
0.015416
0.015654
0.015879
0.016091
0.016292
0.016473
0.016641
0.016794
0.016932
0.017050
0.017151
0.017238
0.017305
0.017351
0.017381
0.017394
0.017385
0.017355
0.017308
0.017244
0.017154
0.017046
0.016921
0.016778
0.016609
0.016424
0.016223
0.016001
0.015758
0.015500
0.015227
0.014934
0.014623
0.014300
0.013963
0.013608
0.013240
0.012861
0.012473
0.012068
0.011656
0.011237
0.010809
0.010372
0.009931
0.009488
0.009038
0.008586
0.008134
0.007683
0.007231
0.006781
0.006336
0.005896
0.005460
0.005031
0.004612
0.004201
0.003799
0.003409
0.003032
0.002667
0.002316
0.001981
0.001661
0.001357
0.001071
0.000803
0.000553
0.000323
0.000112
-0.000079
-0.000249
-0.000398
-0.000526
-0.000633
-0.000718
-0.000781
-0.000823
-0.000844
-0.000842
-0.000820
-0.000776
-0.000712
-0.000626
-0.000521
-0.000396
-0.000252
-0.000089
0.000092
0.000290
0.000505
0.000737
0.000983
0.001245
0.001519
0.001807
0.002107
0.002419
0.002739
0.003069
0.003408
0.003755
0.004106
0.004464
0.004827
0.005193
0.005560
0.005929
0.006301
0.006670
0.007037
0.007403
0.007767
0.008124
0.008476
0.008824
0.009166
0.009497
0.009821
0.010138
0.010444
0.010737
0.011020
0.011294
0.011552
0.011797
0.012030
0.012251
0.012452
0.012640
0.012815
0.012975
0.013115
0.013240
0.013351
0.013444
0.013518
0.013577
0.013622
0.013647
0.013653
0.013645
0.013623
0.013579
0.013519
0.013446
0.013357
0.013248
0.013125
0.012989
0.012838
0.012669
0.012489
0.012296
0.012088
0.011867
0.011635
0.011393
0.011137
0.010870
0.010596
0.010313
0.010018
0.009716
0.009408
0.009094
0.008771
0.008444
0.008114
0.007778
0.007439
0.007098
0.006756
0.006411
0.006065
0.005721
0.005378
0.005034
0.004694
0.004357
0.004023
0.003692
0.003367
0.003046
0.002731
0.002422
0.002120
0.001826
0.001538
0.001258
0.000987
0.000725
0.000471
0.000227
-0.000008
-0.000234
-0.000450
-0.000655
-0.000851
-0.001037
-0.001213
-0.001379
-0.001536
-0.001682
-0.001819
-0.001946
-0.002065
-0.002174
-0.002275
-0.002367
-0.002452
-0.002529
-0.002599
-0.002662
-0.002718
-0.002769
-0.002815
-0.002855
-0.002892
-0.002924
-0.002953
-0.002979
-0.003003
-0.003025
-0.003045
-0.003065
-0.003084
-0.003103
-0.003123
-0.003143
-0.003165
-0.003188
-0.003213
-0.003240
-0.003269
-0.003301
-0.003335
-0.003373
-0.003413
-0.003456
-0.003502
-0.003551
-0.003603
-0.003657
-0.003713
-0.003772
-0.003832
-0.003894
-0.003957
-0.004021
-0.004085
-0.004149
-0.004213
-0.004275
-0.004336
-0.004395
-0.004451
-0.004503
-0.004552
-0.004597
-0.004636
-0.004670
-0.004698
-0.004720
-0.004734
-0.004740
-0.004740
-0.004730
-0.004711
-0.004684
-0.004648
-0.004601
-0.004545
-0.004479
-0.004404
-0.004318
-0.004222
-0.004117
-0.004002
-0.003877
-0.003744
-0.003602
-0.003451
-0.003292
-0.003126
-0.002953
-0.002774
-0.002589
-0.002399
-0.002204
-0.002007
-0.001807
-0.001604
-0.001401
-0.001198
-0.000995
-0.000794
-0.000596
-0.000401
-0.000210
-0.000022
0.000156
0.000329
0.000496
0.000654
0.000802
0.000941
0.001070
0.001189
0.001294
0.001390
0.001474
0.001544
0.001602
0.001648
0.001682
0.001701
0.001707
0.001703
0.001687
0.001657
0.001616
0.001567
0.001506
0.001434
0.001355
0.001270
0.001176
0.001077
0.000974
0.000869
0.000760
0.000651
0.000544
0.000440
0.000338
0.000243
0.000156
0.000077
0.000009
-0.000046
-0.000087
-0.000112
-0.000119
-0.000106
-0.000071
-0.000013
0.000070
0.000179
0.000317
0.000486
0.000686
0.000919
0.001187
0.001491
0.001832
0.002211
0.002630
0.003090
0.003590
0.004132
0.004717
0.005345
0.006016
0.006730
0.007488
0.008289
0.009133
0.010019
0.010948
0.011917
0.012927
0.013975
0.015061
0.016184
0.017342
0.018532
0.019753
0.021004
0.022283
0.023582
0.024905
0.026249
0.027610
0.028980
0.030364
0.031758
0.033154
0.034548
0.035944
0.037340
0.038717
0.040084
0.041439
0.042781
0.044085
0.045368
0.046628
0.047856
0.049035
0.050181
0.051293
0.052351
0.053354
0.054312
0.055225
0.056065
0.056845
0.057572
0.058244
0.058825
0.059346
0.059806
0.060196
0.060496
0.060731
0.060902
0.060990
0.060993
0.060930
0.060801
0.060580
0.060284
0.059924
0.059500
0.058979
0.058396
0.057754
0.057046
0.056256
0.055413
0.054517
0.053558
0.052536
0.051469
0.050362
0.049196
0.047987
0.046747
0.045477
0.044158
0.042817
0.041456
0.040077
0.038669
0.037253
0.035831
0.034401
0.032963
0.031531
0.030107
0.028686
0.027276
0.025883
0.024510
0.023153
0.021821
0.020517
0.019243
0.017997
0.016786
0.015611
0.014474
0.013375
0.012317
0.011301
0.010328
0.009399
0.008515
0.007676
0.006883
0.006137
0.005435
0.004779
0.004169
0.003604
0.003083
0.002605
0.002171
0.001777
0.001423
0.001109
0.000833
0.000593
0.000386
0.000214
0.000072
-0.000040
-0.000125
-0.000183
-0.000218
-0.000231
-0.000224
-0.000198
-0.000156
-0.000100
-0.000030
0.000049
0.000139
0.000236
0.000338
0.000444
0.000554
0.000666
0.000776
0.000885
0.000993
0.001097
0.001194
0.001288
0.001376
0.001456
0.001527
0.001591
0.001648
0.001694
0.001730
0.001759
0.001779
0.001786
0.001785
0.001777
0.001759
0.001730
0.001695
0.001652
0.001602
0.001543
0.001479
0.001410
0.001335
0.001255
0.001172
0.001087
0.000997
0.000907
0.000816
0.000724
0.000633
0.000542
0.000454
0.000367
0.000284
0.000204
0.000128
0.000056
-0.000011
-0.000073
-0.000130
-0.000180
-0.000224
-0.000263
-0.000295
-0.000320
-0.000339
-0.000351
-0.000357
-0.000357
-0.000351
-0.000339
-0.000321
-0.000298
-0.000270
-0.000237
-0.000201
-0.000160
-0.000117
-0.000070
-0.000022
0.000028
0.000079
0.000131
0.000182
0.000233
0.000283
0.000331
0.000376
0.000419
0.000459
0.000494
0.000525
0.000552
0.000574
0.000589
0.000599
0.000604
0.000603
0.000594
0.000580
0.000560
0.000532
0.000499
0.000460
0.000416
0.000365
0.000309
0.000249
0.000186
0.000118
0.000049
-0.000023
-0.000095
-0.000168
-0.000240
-0.000309
-0.000375
-0.000437
-0.000493
-0.000542
-0.000583
-0.000613
-0.000632
-0.000639
-0.000630
-0.000604
-0.000561
-0.000499
-0.000414
-0.000306
-0.000173
-0.000013
0.000176
0.000395
0.000645
0.000932
0.001254
0.001612
0.002008
0.002449
0.002931
0.003455
0.004025
0.004643
0.005309
0.006021
0.006786
0.007603
0.008470
0.009389
0.010364
0.011392
0.012474
0.013608
0.014801
0.016046
0.017344
0.018696
0.020102
0.021559
0.023067
0.024626
0.026233
0.027887
0.029587
0.031330
0.033114
0.034937
0.036800
0.038693
0.040618
0.042573
0.044555
0.046554
0.048574
0.050612
0.052661
0.054713
0.056772
0.058837
0.060891
0.062935
0.064972
0.066999
0.068991
0.070961
0.072909
0.074828
0.076692
0.078522
0.080314
0.082053
0.083726
0.085350
0.086922
0.088417
0.089838
0.091198
0.092493
0.093686
0.094803
0.095848
0.096814
0.097664
0.098436
0.099128
0.099724
0.100207
0.100606
0.100922
0.101126
0.101226
0.101241
0.101172
0.100981
0.100699
0.100335
0.099886
0.099317
0.098670
0.097946
0.097135
0.096223
0.095242
0.094193
0.093059
0.091846
0.090575
0.089248
0.087842
0.086381
0.084874
0.083323
0.081706
0.080056
0.078373
0.076655
0.074898
0.073121
0.071326
0.069509
0.067674
0.065833
0.063989
0.062136
0.060284
0.058440
0.056604
0.054775
0.052963
0.051168
0.049392
0.047638
0.045911
0.044211
0.042540
0.040902
0.039297
0.037725
0.036193
0.034700
0.033244
0.031826
0.030455
0.029125
0.027835
0.026588
0.025389
0.024231
0.023113
0.022041
0.021016
0.020031
0.019085
0.018187
0.017331
0.016512
0.015731
0.014998
0.014300
0.013638
0.013011
0.012427
0.011876
0.011355
0.010869
0.010420
0.009998
0.009604
0.009244
0.008913
0.008607
0.008325
0.008075
0.007849
0.007644
0.007461
0.007308
0.007173
0.007057
0.006963
0.006893
0.006839
0.006802
0.006786
0.006790
0.006808
0.006842
0.006897
0.006967
0.007050
0.007148
0.007266
0.007396
0.007539
0.007696
0.007869
0.008054
0.008250
0.008461
0.008684
0.008918
0.009162
0.009419
0.009686
0.009962
0.010246
0.010542
0.010845
0.011154
0.011471
0.011795
0.012124
0.012458
0.012796
0.013138
0.013482
0.013828
0.014174
0.014520
0.014866
0.015210
0.015549
0.015885
0.016218
0.016544
0.016861
0.017172
0.017475
0.017766
0.018045
0.018313
0.018570
0.018809
0.019033
0.019244
0.019439
0.019610
0.019764
0.019901
0.020018
0.020109
0.020180
0.020231
0.020257
0.020255
0.020233
0.020189
0.020114
0.020013
0.019890
0.019745
0.019565
0.019362
0.019137
0.018887
0.018605
0.018301
0.017977
0.017626
0.017249
0.016853
0.016439
0.015998
0.015538
0.015062
0.014573
0.014059
0.013534
0.012998
0.012451
0.011889
0.011321
0.010749
0.010171
0.009587
0.009005
0.008425
0.007845
0.007269
0.006702
0.006145
0.005596
0.005060
0.004540
0.004037
0.003550
0.003085
0.002643
0.002224
0.001830
0.001464
0.001127
0.000819
0.000543
0.000299
0.000089
-0.000087
-0.000227
-0.000331
-0.000400
-0.000431
-0.000425
-0.000382
-0.000302
-0.000185
-0.000032
0.000158
0.000382
0.000641
0.000933
0.001257
0.001613
0.001997
0.002410
0.002851
0.003314
0.003800
0.004308
0.004835
0.005376
0.005933
0.006504
0.007083
0.007667
0.008258
0.008854
0.009445
0.010034
0.010621
0.011203
0.011767
0.012321
0.012864
0.013390
0.013891
0.014373
0.014836
0.015270
0.015673
0.016050
0.016401
0.016711
0.016987
0.017233
0.017446
0.017609
0.017739
0.017834
0.017889
0.017895
0.017866
0.017802
0.017692
0.017538
0.017350
0.017127
0.016857
0.016549
0.016211
0.015842
0.015427
0.014984
0.014515
0.014019
0.013488
0.012938
0.012369
0.011778
0.011166
0.010544
0.009913
0.009267
0.008616
0.007964
0.007313
0.006660
0.006014
0.005378
0.004754
0.004141
0.003546
0.002973
0.002422
0.001895
0.001397
0.000929
0.000494
0.000093
-0.000270
-0.000595
-0.000878
-0.001120
-0.001317
-0.001471
-0.001577
-0.001637
-0.001649
-0.001614
-0.001529
-0.001396
-0.001215
-0.000986
-0.000709
-0.000385
-0.000016
0.000400
0.000858
0.001360
0.001902
0.002484
0.003103
0.003758
0.004446
0.005164
0.005913
0.006689
0.007487
0.008306
0.009146
0.010004
0.010871
0.011750
0.012639
0.013536
0.014429
0.015324
0.016219
0.017109
0.017985
0.018854
0.019713
0.020552
0.021370
0.022172
0.022955
0.023705
0.024429
0.025128
0.025801
0.026428
0.027026
0.027594
0.028124
0.028607
0.029055
0.029469
0.029836
0.030156
0.030439
0.030685
0.030876
0.031024
0.031133
0.031204
0.031216
0.031190
0.031126
0.031020
0.030862
0.030668
0.030439
0.030166
0.029850
0.029502
0.029123
0.028701
0.028246
0.027764
0.027256
0.026708
0.026138
0.025547
0.024934
0.024292
0.023636
0.022965
0.022276
0.021571
0.020858
0.020138
0.019407
0.018670
0.017932
0.017194
0.016451
0.015713
0.014980
0.014253
0.013530
0.012818
0.012117
0.011428
0.010750
0.010089
0.009443
0.008814
0.008202
0.007610
0.007038
0.006485
0.005954
0.005445
0.004958
0.004493
0.004051
0.003632
0.003236
0.002863
0.002513
0.002185
0.001881
0.001599
0.001338
0.001099
0.000881
0.000683
0.000505
0.000346
0.000205
0.000082
-0.000025
-0.000116
-0.000191
-0.000253
-0.000301
-0.000338
-0.000363
-0.000377
-0.000382
-0.000379
-0.000369
-0.000351
-0.000328
-0.000302
-0.000271
-0.000238
-0.000202
-0.000167
-0.000131
-0.000095
-0.000061
-0.000031
-0.000002
0.000023
0.000042
0.000057
0.000066
0.000070
0.000065
0.000053
0.000035
0.000009
-0.000028
-0.000072
-0.000124
-0.000186
-0.000258
-0.000338
-0.000427
-0.000527
-0.000636
-0.000753
-0.000878
-0.001015
-0.001159
-0.001310
-0.001470
-0.001637
-0.001811
-0.001991
-0.002177
-0.002368
-0.002563
-0.002762
-0.002964
-0.003168
-0.003373
-0.003579
-0.003784
-0.003987
-0.004188
-0.004386
-0.004579
-0.004767
-0.004948
-0.005121
-0.005286
-0.005440
-0.005585
-0.005717
-0.005836
-0.005942
-0.006034
-0.006109
-0.006167
-0.006209
-0.006232
-0.006235
-0.006220
-0.006185
-0.006129
-0.006050
-0.005951
-0.005831
-0.005688
-0.005522
-0.005335
-0.005127
-0.004895
-0.004641
-0.004368
-0.004074
-0.003758
-0.003424
-0.003072
-0.002702
-0.002315
-0.001912
-0.001496
-0.001066
-0.000625
-0.000173
0.000287
0.000754
0.001227
0.001703
0.002181
0.002659
0.003134
0.003607
0.004073
0.004530
0.004978
0.005416
0.005839
0.006244
0.006633
0.007005
0.007351
0.007674
0.007974
0.008248
0.008488
0.008700
0.008883
0.009032
0.009142
0.009219
0.009263
0.009265
0.009226
0.009151
0.009040
0.008881
0.008682
0.008446
0.008171
0.007848
0.007487
0.007090
0.006654
0.006174
0.005660
0.005113
0.004529
0.003910
0.003263
0.002589
0.001883
0.001153
0.000404
-0.000364
-0.001154
-0.001956
-0.002767
-0.003586
-0.004412
-0.005238
-0.006060
-0.006877
-0.007684
-0.008477
-0.009253
-0.010008
-0.010737
-0.011438
-0.012107
-0.012737
-0.013327
-0.013875
-0.014376
-0.014822
-0.015215
-0.015553
-0.015828
-0.016037
-0.016182
-0.016260
-0.016263
-0.016192
-0.016048
-0.015831
-0.015527
-0.015147
-0.014689
-0.014152
-0.013528
-0.012826
-0.012046
-0.011186
-0.010243
-0.009225
-0.008134
-0.006965
-0.005724
-0.004415
-0.003041
-0.001599
-0.000097
0.001462
0.003075
0.004739
0.006449
0.008202
0.009994
0.011818
0.013672
0.015553
0.017451
0.019364
0.021290
0.023225
0.025153
0.027080
0.029001
0.030912
0.032794
0.034658
0.036500
0.038308
0.040072
0.041801
0.043493
0.045128
0.046706
0.048236
0.049714
0.051112
0.052448
0.053722
0.054930
0.056043
0.057087
0.058061
0.058952
0.059747
0.060466
0.061108
0.061653
0.062104
0.062475
0.062767
0.062950
0.063047
0.063062
0.062996
0.062818
0.062561
0.062225
0.061803
0.061281
0.060684
0.060014
0.059256
0.058413
0.057503
0.056526
0.055464
0.054334
0.053146
0.051901
0.050576
0.049202
0.047781
0.046308
0.044778
0.043210
0.041607
0.039962
0.038280
0.036575
0.034848
0.033091
0.031318
0.029534
0.027744
0.025939
0.024135
0.022336
0.020542
0.018754
0.016981
0.015228
0.013493
0.011782
0.010101
0.008450
0.006834
0.005257
0.003720
0.002227
0.000783
-0.000612
-0.001955
-0.003244
-0.004473
-0.005644
-0.006755
-0.007801
-0.008781
-0.009696
-0.010545
-0.011323
-0.012030
-0.012669
-0.013239
-0.013733
-0.014156
-0.014510
-0.014795
-0.015003
-0.015143
-0.015217
-0.015221
-0.015154
-0.015023
-0.014831
-0.014572
-0.014251
-0.013872
-0.013439
-0.012945
-0.012400
-0.011807
-0.011165
-0.010476
-0.009745
-0.008975
-0.008168
-0.007325
-0.006452
-0.005551
-0.004625
-0.003677
-0.002709
-0.001725
-0.000730
0.000275
0.001288
0.002306
0.003321
0.004334
0.005345
0.006346
0.007334
0.008310
0.009272
0.010213
0.011131
0.012027
0.012900
0.013739
0.014549
0.015329
0.016077
0.016781
0.017451
0.018084
0.018678
0.019222
0.019728
0.020193
0.020610
0.020977
0.021302
0.021584
0.021811
0.021991
0.022126
0.022218
0.022251
0.022240
0.022185
0.022084
0.021929
0.021733
0.021494
0.021208
0.020876
0.020505
0.020096
0.019640
0.019147
0.018619
0.018058
0.017455
0.016822
0.016160
0.015469
0.014746
0.013999
0.013231
0.012439
0.011625
0.010795
0.009951
0.009090
0.008217
0.007336
0.006448
0.005552
0.004654
0.003755
0.002857
0.001961
0.001071
0.000188
-0.000686
-0.001548
-0.002397
-0.003232
-0.004049
-0.004846
-0.005623
-0.006379
-0.007107
-0.007811
-0.008488
-0.009136
-0.009751
-0.010335
-0.010888
-0.011405
-0.011885
-0.012329
-0.012738
-0.013106
-0.013434
-0.013724
-0.013975
-0.014181
-0.014346
-0.014472
-0.014557
-0.014595
-0.014593
-0.014552
-0.014469
-0.014340
-0.014174
-0.013969
-0.013722
-0.013434
-0.013110
-0.012751
-0.012352
-0.011917
-0.011451
-0.010952
-0.010418
-0.009855
-0.009264
-0.008646
-0.007999
-0.007330
-0.006639
-0.005926
-0.005194
-0.004444
-0.003680
-0.002901
-0.002110
-0.001309
-0.000500
0.000315
0.001135
0.001957
0.002780
0.003600
0.004418
0.005232
0.006038
0.006835
0.007622
0.008398
0.009158
0.009902
0.010631
0.011343
0.012030
0.012698
0.013344
0.013966
0.014559
0.015127
0.015669
0.016181
0.016661
0.017112
0.017534
0.017920
0.018272
0.018593
0.018882
0.019130
0.019345
0.019528
0.019675
0.019781
0.019854
0.019893
0.019895
0.019859
0.019789
0.019687
0.019545
0.019369
0.019160
0.018921
0.018642
0.018334
0.017995
0.017626
0.017223
0.016792
0.016335
0.015849
0.015335
0.014797
0.014237
0.013651
0.013042
0.012414
0.011768
0.011100
0.010416
0.009718
0.009005
0.008278
0.007539
0.006792
0.006034
0.005269
0.004499
0.003724
0.002945
0.002165
0.001385
0.000606
-0.000170
-0.000942
-0.001708
-0.002468
-0.003219
-0.003960
-0.004690
-0.005408
-0.006111
-0.006800
-0.007473
-0.008127
-0.008762
-0.009377
-0.009974
-0.010544
-0.011092
-0.011617
-0.012118
-0.012589
-0.013034
-0.013453
-0.013843
-0.014201
-0.014531
-0.014831
-0.015099
-0.015333
-0.015538
-0.015712
-0.015849
-0.015953
-0.016027
-0.016069
-0.016072
-0.016044
-0.015985
-0.015893
-0.015765
-0.015607
-0.015418
-0.015196
-0.014941
-0.014658
-0.014346
-0.014002
-0.013629
-0.013230
-0.012806
-0.012352
-0.011874
-0.011374
-0.010850
-0.010303
-0.009736
-0.009151
-0.008546
-0.007923
-0.007286
-0.006635
-0.005969
-0.005292
-0.004605
-0.003910
-0.003206
-0.002496
-0.001782
-0.001064
-0.000345
0.000374
0.001093
0.001809
0.002521
0.003227
0.003928
0.004619
0.005301
0.005973
0.006634
0.007279
0.007910
0.008527
0.009127
0.009707
0.010269
0.010812
0.011334
0.011832
0.012308
0.012763
0.013190
0.013592
0.013969
0.014322
0.014644
0.014939
0.015208
0.015449
0.015657
0.015838
0.015992
0.016115
0.016206
0.016269
0.016304
0.016306
0.016278
0.016223
0.016140
0.016023
0.015879
0.015707
0.015509
0.015278
0.015022
0.014741
0.014433
0.014097
0.013737
0.013355
0.012947
0.012515
0.012062
0.011590
0.011094
0.010579
0.010046
0.009497
0.008927
0.008343
0.007745
0.007133
0.006507
0.005869
0.005223
0.004565
0.003899
0.003226
0.002547
0.001862
0.001174
0.000484
-0.000208
-0.000901
-0.001593
-0.002283
-0.002969
-0.003651
-0.004327
-0.004997
-0.005659
-0.006311
-0.006953
-0.007584
-0.008201
-0.008805
-0.009394
-0.009968
-0.010523
-0.011061
-0.011580
-0.012079
-0.012555
-0.013009
-0.013441
-0.013848
-0.014229
-0.014584
-0.014914
-0.015214
-0.015486
-0.015729
-0.015943
-0.016124
-0.016273
-0.016392
-0.016479
-0.016530
-0.016548
-0.016534
-0.016484
-0.016397
-0.016277
-0.016122
-0.015930
-0.015701
-0.015438
-0.015140
-0.014803
-0.014431
-0.014024
-0.013582
-0.013102
-0.012588
-0.012041
-0.011459
-0.010842
-0.010193
-0.009512
-0.008798
-0.008053
-0.007278
-0.006475
-0.005642
-0.004782
-0.003896
-0.002985
-0.002049
-0.001092
-0.000113
0.000887
0.001904
0.002939
0.003990
0.005054
0.006131
0.007219
0.008316
0.009420
0.010529
0.011643
0.012761
0.013875
0.014989
0.016102
0.017209
0.018306
0.019396
0.020478
0.021545
0.022596
0.023634
0.024657
0.025654
0.026632
0.027590
0.028525
0.029427
0.030305
0.031157
0.031978
0.032763
0.033518
0.034242
0.034927
0.035574
0.036187
0.036765
0.037297
0.037790
0.038246
0.038664
0.039030
0.039357
0.039646
0.039892
0.040087
0.040244
0.040361
0.040430
0.040452
0.040436
0.040380
0.040274
0.040126
0.039940
0.039716
0.039440
0.039128
0.038781
0.038394
0.037963
0.037497
0.037000
0.036463
0.035889
0.035285
0.034652
0.033982
0.033282
0.032557
0.031806
0.031021
0.030214
0.029385
0.028534
0.027657
0.026763
0.025852
0.024923
0.023975
0.023015
0.022044
0.021058
0.020062
0.019059
0.018050
0.017030
0.016007
0.014983
0.013957
0.012927
0.011900
0.010876
0.009855
0.008838
0.007828
0.006826
0.005832
0.004848
0.003876
0.002917
0.001971
0.001041
0.000127
-0.000769
-0.001647
-0.002505
-0.003341
-0.004155
-0.004946
-0.005712
-0.006453
-0.007167
-0.007853
-0.008510
-0.009138
-0.009734
-0.010298
-0.010830
-0.011329
-0.011792
-0.012219
-0.012611
-0.012965
-0.013280
-0.013556
-0.013794
-0.013990
-0.014145
-0.014258
-0.014330
-0.014357
-0.014341
-0.014281
-0.014177
-0.014027
-0.013831
-0.013591
-0.013304
-0.012970
-0.012590
-0.012165
-0.011692
-0.011172
-0.010606
-0.009994
-0.009335
-0.008630
-0.007880
-0.007086
-0.006245
-0.005360
-0.004433
-0.003462
-0.002449
-0.001396
-0.000301
0.000832
0.002004
0.003213
0.004459
0.005738
0.007051
0.008397
0.009773
0.011177
0.012608
0.014066
0.015549
0.017051
0.018574
0.020118
0.021677
0.023249
0.024835
0.026434
0.028037
0.029647
0.031263
0.032885
0.034498
0.036111
0.037723
0.039330
0.040920
0.042502
0.044076
0.045630
0.047163
0.048680
0.050180
0.051648
0.053090
0.054508
0.055901
0.057250
0.058568
0.059857
0.061110
0.062312
0.063480
0.064611
0.065695
0.066728
0.067720
0.068671
0.069564
0.070405
0.071203
0.071956
0.072640
0.073276
0.073865
0.074403
0.074872
0.075293
0.075665
0.075979
0.076230
0.076432
0.076585
0.076674
0.076707
0.076692
0.076629
0.076498
0.076318
0.076092
0.075818
0.075480
0.075099
0.074674
0.074199
0.073670
0.073101
0.072492
0.071834
0.071130
0.070391
0.069617
0.068794
0.067935
0.067046
0.066125
0.065160
0.064169
0.063150
0.062102
0.061021
0.059918
0.058793
0.057641
0.056466
0.055273
0.054064
0.052832
0.051584
0.050325
0.049053
0.047763
0.046465
0.045160
0.043847
0.042522
0.041195
0.039865
0.038530
0.037192
0.035854
0.034520
0.033183
0.031850
0.030522
0.029201
0.027882
0.026573
0.025273
0.023982
0.022700
0.021432
0.020177
0.018935
0.017707
0.016497
0.015304
0.014128
0.012972
0.011836
0.010722
0.009629
0.008560
0.007515
0.006496
0.005503
0.004538
0.003601
0.002693
0.001816
0.000970
0.000156
-0.000624
-0.001370
-0.002082
-0.002757
-0.003395
-0.003995
-0.004557
-0.005080
-0.005562
-0.006003
-0.006404
-0.006761
-0.007075
-0.007347
-0.007574
-0.007756
-0.007893
-0.007985
-0.008032
-0.008031
-0.007985
-0.007892
-0.007753
-0.007566
-0.007332
-0.007052
-0.006726
-0.006352
-0.005932
-0.005467
-0.004956
-0.004399
-0.003798
-0.003154
-0.002465
-0.001733
-0.000960
-0.000145
0.000710
0.001604
0.002537
0.003508
0.004514
0.005555
0.006631
0.007739
0.008878
0.010047
0.011246
0.012470
0.013720
0.014995
0.016294
0.017610
0.018946
0.020302
0.021674
0.023057
0.024454
0.025865
0.027282
0.028705
0.030136
0.031573
0.033007
0.034442
0.035878
0.037314
0.038736
0.040155
0.041568
0.042971
0.044356
0.045731
0.047094
0.048437
0.049757
0.051062
0.052349
0.053605
0.054836
0.056046
0.057233
0.058378
0.059497
0.060590
0.061650
0.062667
0.063654
0.064610
0.065524
0.066395
0.067232
0.068034
0.068786
0.069497
0.070170
0.070806
0.071383
0.071922
0.072421
0.072876
0.073275
0.073633
0.073952
0.074219
0.074434
0.074609
0.074742
0.074819
0.074849
0.074838
0.074787
0.074674
0.074521
0.074327
0.074089
0.073795
0.073462
0.073090
0.072671
0.072202
0.071697
0.071155
0.070563
0.069929
0.069261
0.068559
0.067805
0.067018
0.066199
0.065346
0.064447
0.063519
0.062563
0.061572
0.060545
0.059492
0.058414
0.057303
0.056163
0.055002
0.053821
0.052608
0.051375
0.050126
0.048859
0.047566
0.046261
0.044944
0.043612
0.042263
0.040908
0.039546
0.038173
0.036792
0.035410
0.034029
0.032640
0.031253
0.029870
0.028494
0.027117
0.025750
0.024394
0.023049
0.021713
0.020394
0.019092
0.017806
0.016539
0.015295
0.014076
0.012878
0.011707
0.010566
0.009455
0.008373
0.007324
0.006311
0.005334
0.004393
0.003491
0.002630
0.001810
0.001032
0.000298
-0.000392
-0.001035
-0.001632
-0.002181
-0.002682
-0.003134
-0.003536
-0.003888
-0.004189
-0.004439
-0.004638
-0.004786
-0.004882
-0.004925
-0.004918
-0.004860
-0.004750
-0.004590
-0.004379
-0.004119
-0.003810
-0.003452
-0.003047
-0.002595
-0.002097
-0.001555
-0.000969
-0.000340
0.000329
0.001039
0.001787
0.002572
0.003393
0.004248
0.005136
0.006053
0.007000
0.007975
0.008977
0.009999
0.011045
0.012113
0.013199
0.014298
0.015415
0.016546
0.017684
0.018831
0.019987
0.021151
0.022312
0.023476
0.024641
0.025806
0.026960
0.028110
0.029256
0.030391
0.031509
0.032618
0.033715
0.034791
0.035846
0.036886
0.037909
0.038898
0.039866
0.040812
0.041734
0.042616
0.043473
0.044304
0.045101
0.045857
0.046584
0.047280
0.047934
0.048547
0.049127
0.049673
0.050168
0.050625
0.051046
0.051428
0.051756
0.052045
0.052298
0.052505
0.052660
0.052777
0.052856
0.052883
0.052864
0.052805
0.052708
0.052556
0.052362
0.052129
0.051858
0.051531
0.051166
0.050766
0.050324
0.049832
0.049306
0.048747
0.048144
0.047500
0.046825
0.046120
0.045371
0.044589
0.043781
0.042947
0.042070
0.041170
0.040249
0.039302
0.038323
0.037327
0.036315
0.035280
0.034224
0.033157
0.032080
0.030984
0.029878
0.028767
0.027653
0.026526
0.025400
0.024275
0.023153
0.022028
0.020911
0.019804
0.018704
0.017614
0.016538
0.015480
0.014435
0.013409
0.012406
0.011427
0.010468
0.009537
0.008636
0.007764
0.006922
0.006114
0.005341
0.004604
0.003904
0.003243
0.002623
0.002044
0.001507
0.001014
0.000566
0.000163
-0.000193
-0.000503
-0.000765
-0.000978
-0.001143
-0.001259
-0.001325
-0.001342
-0.001310
-0.001228
-0.001097
-0.000917
-0.000688
-0.000410
-0.000085
0.000288
0.000707
0.001173
0.001683
0.002237
0.002835
0.003475
0.004155
0.004875
0.005635
0.006430
0.007261
0.008127
0.009026
0.009954
0.010912
0.011899
0.012914
0.013949
0.015008
0.016090
0.017191
0.018305
0.019438
0.020586
0.021743
0.022909
0.024085
0.025270
0.026453
0.027640
0.028831
0.030023
0.031204
0.032384
0.033561
0.034729
0.035882
0.037027
0.038162
0.039280
0.040378
0.041463
0.042534
0.043576
0.044597
0.045599
0.046582
0.047527
0.048450
0.049350
0.050221
0.051055
0.051863
0.052645
0.053390
0.054098
0.054777
0.055427
0.056033
0.056604
0.057144
0.057653
0.058112
0.058538
0.058933
0.059290
0.059601
0.059879
0.060125
0.060328
0.060490
0.060618
0.060715
0.060766
0.060779
0.060760
0.060710
0.060612
0.060481
0.060321
0.060126
0.059888
0.059621
0.059324
0.058993
0.058625
0.058229
0.057807
0.057349
0.056861
0.056348
0.055811
0.055238
0.054642
0.054024
0.053383
0.052710
0.052019
0.051309
0.050577
0.049820
0.049047
0.048260
0.047451
0.046624
0.045785
0.044934
0.044064
0.043182
0.042292
0.041392
0.040476
0.039554
0.038627
0.037692
0.036748
0.035801
0.034852
0.033897
0.032938
0.031981
0.031024
0.030064
0.029106
0.028152
0.027202
0.026252
0.025308
0.024371
0.023440
0.022514
0.021597
0.020690
0.019791
0.018901
0.018024
0.017159
0.016305
0.015464
0.014638
0.013827
0.013029
0.012248
0.011483
0.010736
0.010005
0.009293
0.008601
0.007927
0.007273
0.006639
0.006027
0.005436
0.004866
0.004319
0.003795
0.003293
0.002816
0.002362
0.001932
0.001527
0.001147
0.000792
0.000462
0.000157
-0.000121
-0.000374
-0.000600
-0.000800
-0.000974
-0.001122
-0.001242
-0.001337
-0.001405
-0.001447
-0.001462
-0.001451
-0.001414
-0.001351
-0.001262
-0.001147
-0.001008
-0.000843
-0.000654
-0.000440
-0.000203
0.000058
0.000342
0.000649
0.000977
0.001327
0.001698
0.002090
0.002501
0.002931
0.003380
0.003846
0.004329
0.004827
0.005342
0.005871
0.006413
0.006967
0.007534
0.008113
0.008699
0.009295
0.009901
0.010512
0.011129
0.011751
0.012379
0.013007
0.013637
0.014269
0.014903
0.015531
0.016158
0.016783
0.017405
0.018017
0.018624
0.019225
0.019817
0.020396
0.020967
0.021528
0.022073
0.022604
0.023123
0.023629
0.024112
0.024580
0.025032
0.025467
0.025876
0.026268
0.026641
0.026991
0.027315
0.027619
0.027903
0.028159
0.028389
0.028597
0.028782
0.028936
0.029065
0.029171
0.029254
0.029300
0.029324
0.029325
0.029299
0.029241
0.029159
0.029054
0.028919
0.028756
0.028571
0.028363
0.028124
0.027861
0.027577
0.027272
0.026936
0.026580
0.026205
0.025809
0.025388
0.024949
0.024494
0.024018
0.023523
0.023014
0.022492
0.021950
0.021394
0.020829
0.020254
0.019662
0.019062
0.018456
0.017843
0.017219
0.016592
0.015962
0.015328
0.014691
0.014054
0.013419
0.012782
0.012148
0.011519
0.010896
0.010276
0.009663
0.009060
0.008466
0.007880
0.007306
0.006745
0.006197
0.005662
0.005143
0.004641
0.004154
0.003686
0.003236
0.002806
0.002395
0.002006
0.001639
0.001294
0.000971
0.000672
0.000398
0.000148
-0.000077
-0.000276
-0.000449
-0.000596
-0.000716
-0.000809
-0.000875
-0.000913
-0.000924
-0.000907
-0.000863
-0.000791
-0.000691
-0.000563
-0.000408
-0.000225
-0.000015
0.000222
0.000486
0.000777
0.001093
0.001435
0.001802
0.002194
0.002611
0.003051
0.003514
0.003999
0.004507
0.005036
0.005584
0.006152
0.006740
0.007345
0.007967
0.008605
0.009259
0.009926
0.010607
0.011300
0.012006
0.012719
0.013442
0.014174
0.014913
0.015655
0.016403
0.017156
0.017909
0.018662
0.019416
0.020170
0.020918
0.021662
0.022403
0.023139
0.023861
0.024577
0.025285
0.025981
0.026660
0.027327
0.027982
0.028618
0.029233
0.029833
0.030417
0.030974
0.031508
0.032023
0.032517
0.032977
0.033413
0.033827
0.034213
0.034563
0.034887
0.035185
0.035449
0.035677
0.035877
0.036048
0.036178
0.036275
0.036341
0.036378
0.036368
0.036327
0.036255
0.036150
0.036000
0.035819
0.035607
0.035358
0.035070
0.034752
0.034404
0.034016
0.033595
0.033145
0.032669
0.032151
0.031607
0.031037
0.030441
0.029809
0.029156
0.028481
0.027781
0.027055
0.026311
0.025551
0.024768
0.023967
0.023155
0.022333
0.021491
0.020641
0.019786
0.018925
0.018053
0.017181
0.016311
0.015439
0.014567
0.013702
0.012845
0.011993
0.011150
0.010320
0.009506
0.008704
0.007919
0.007155
0.006412
0.005689
0.004991
0.004320
0.003676
0.003059
0.002474
0.001920
0.001400
0.000913
0.000462
0.000048
-0.000328
-0.000665
-0.000963
-0.001220
-0.001435
-0.001609
-0.001740
-0.001828
-0.001873
-0.001874
-0.001831
-0.001744
-0.001613
-0.001438
-0.001220
-0.000958
-0.000653
-0.000306
0.000083
0.000513
0.000984
0.001494
0.002043
0.002629
0.003251
0.003909
0.004601
0.005324
0.006078
0.006863
0.007674
0.008511
0.009373
0.010258
0.011161
0.012083
0.013024
0.013979
0.014944
0.015920
0.016907
0.017898
0.018891
0.019887
0.020886
0.021877
0.022862
0.023843
0.024818
0.025772
0.026714
0.027644
0.028557
0.029441
0.030306
0.031150
0.031965
0.032745
0.033499
0.034226
0.034910
0.035557
0.036171
0.036752
0.037277
0.037764
0.038213
0.038620
0.038967
0.039273
0.039537
0.039749
0.039903
0.040013
0.040079
0.040084
0.040036
0.039942
0.039803
0.039598
0.039345
0.039048
0.038704
0.038295
0.037844
0.037351
0.036808
0.036212
0.035576
0.034903
0.034181
0.033415
0.032617
0.031788
0.030912
0.030006
0.029075
0.028119
0.027125
0.026112
0.025084
0.024037
0.022967
0.021889
0.020805
0.019710
0.018608
0.017510
0.016416
0.015320
0.014233
0.013160
0.012103
0.011056
0.010031
0.009032
0.008058
0.007109
0.006194
0.005314
0.004470
0.003664
0.002902
0.002185
0.001513
0.000890
0.000319
-0.000198
-0.000661
-0.001068
-0.001415
-0.001703
-0.001930
-0.002094
-0.002196
-0.002233
-0.002205
-0.002112
-0.001954
-0.001729
-0.001438
-0.001082
-0.000661
-0.000174
0.000376
0.000989
0.001665
0.002402
0.003199
0.004053
0.004965
0.005930
0.006949
0.008018
0.009135
0.010297
0.011504
0.012753
0.014036
0.015355
0.016708
0.018091
0.019495
0.020923
0.022373
0.023838
0.025311
0.026796
0.028290
0.029780
0.031267
0.032752
0.034234
0.035690
0.037133
0.038562
0.039970
0.041337
0.042680
0.043996
0.045271
0.046497
0.047686
0.048836
0.049924
0.050957
0.051943
0.052879
0.053734
0.054531
0.055271
0.055948
0.056535
0.057060
0.057521
0.057904
0.058198
0.058425
0.058583
0.058652
0.058636
0.058551
0.058397
0.058141
0.057812
0.057414
0.056944
0.056374
0.055738
0.055038
0.054263
0.053401
0.052481
0.051504
0.050451
0.049331
0.048160
0.046942
0.045653
0.044317
0.042943
0.041531
0.040061
0.038563
0.037041
0.035489
0.033904
0.032307
0.030701
0.029079
0.027447
0.025820
0.024201
0.022580
0.020974
0.019389
0.017829
0.016285
0.014776
0.013306
0.011874
0.010482
0.009140
0.007852
0.006618
0.005443
0.004332
0.003289
0.002314
0.001412
0.000587
-0.000159
-0.000825
-0.001406
-0.001903
-0.002312
-0.002632
-0.002861
-0.003000
-0.003046
-0.002999
-0.002858
-0.002626
-0.002299
-0.001879
-0.001368
-0.000765
-0.000072
0.000709
0.001577
0.002531
0.003567
0.004684
0.005880
0.007151
0.008493
0.009905
0.011385
0.012925
0.014522
0.016177
0.017885
0.019634
0.021426
0.023260
0.025129
0.027019
0.028937
0.030880
0.032835
0.034793
0.036762
0.038738
0.040700
0.042650
0.044593
0.046525
0.048414
0.050280
0.052119
0.053926
0.055670
0.057376
0.059040
0.060644
0.062176
0.063654
0.065075
0.066411
0.067667
0.068857
0.069977
0.070986
0.071915
0.072766
0.073533
0.074177
0.074737
0.075212
0.075585
0.075839
0.076005
0.076082
0.076041
0.075891
0.075652
0.075323
0.074867
0.074315
0.073676
0.072948
0.072094
0.071158
0.070142
0.069034
0.067819
0.066533
0.065179
0.063733
0.062206
0.060620
0.058979
0.057255
0.055477
0.053655
0.051794
0.049865
0.047908
0.045927
0.043918
0.041873
0.039819
0.037762
0.035692
0.033618
0.031556
0.029511
0.027473
0.025459
0.023479
0.021536
0.019622
0.017757
0.015945
0.014188
0.012487
0.010854
0.009293
0.007804
0.006392
0.005065
0.003824
0.002672
0.001614
0.000653
-0.000209
-0.000970
-0.001626
-0.002175
-0.002618
-0.002950
-0.003171
-0.003282
-0.003281
-0.003167
-0.002942
-0.002605
-0.002157
-0.001598
-0.000931
-0.000157
0.000722
0.001705
0.002789
0.003971
0.005248
0.006618
0.008077
0.009622
0.011246
0.012949
0.014727
0.016572
0.018480
0.020450
0.022479
0.024549
0.026666
0.028827
0.031025
0.033240
0.035484
0.037752
0.040030
0.042306
0.044590
0.046877
0.049145
0.051393
0.053629
0.055848
0.058015
0.060149
0.062250
0.064311
0.066294
0.068230
0.070116
0.071932
0.073659
0.075322
0.076919
0.078417
0.079821
0.081146
0.082391
0.083511
0.084535
0.085470
0.086309
0.087007
0.087609
0.088115
0.088505
0.088758
0.088911
0.088965
0.088888
0.088684
0.088379
0.087975
0.087429
0.086773
0.086020
0.085169
0.084174
0.083088
0.081913
0.080636
0.079239
0.077761
0.076207
0.074554
0.072808
0.070997
0.069124
0.067160
0.065134
0.063060
0.060944
0.058750
0.056525
0.054272
0.051989
0.049665
0.047331
0.044991
0.042639
0.040279
0.037932
0.035604
0.033282
0.030986
0.028725
0.026506
0.024316
0.022179
0.020100
0.018081
0.016120
0.014234
0.012425
0.010694
0.009046
0.007490
0.006028
0.004662
0.003397
0.002237
0.001185
0.000242
-0.000587
-0.001301
-0.001898
-0.002376
-0.002734
-0.002972
-0.003088
-0.003082
-0.002955
-0.002706
-0.002336
-0.001846
-0.001238
-0.000514
0.000327
0.001280
0.002343
0.003515
0.004790
0.006167
0.007643
0.009213
0.010871
0.012617
0.014447
0.016350
0.018325
0.020370
0.022481
0.024640
0.026853
0.029117
0.031425
0.033755
0.036120
0.038515
0.040926
0.043339
0.045765
0.048199
0.050617
0.053020
0.055414
0.057794
0.060125
0.062424
0.064694
0.066927
0.069082
0.071191
0.073251
0.075243
0.077145
0.078983
0.080754
0.082428
0.084004
0.085500
0.086915
0.088203
0.089391
0.090488
0.091489
0.092341
0.093095
0.093748
0.094284
0.094675
0.094962
0.095145
0.095191
0.095103
0.094910
0.094611
0.094163
0.093597
0.092927
0.092155
0.091227
0.090200
0.089077
0.087846
0.086483
0.085033
0.083498
0.081856
0.080109
0.078290
0.076401
0.074411
0.072347
0.070228
0.068059
0.065802
0.063503
0.061169
0.058797
0.056371
0.053929
0.051474
0.048998
0.046505
0.044018
0.041543
0.039068
0.036610
0.034182
0.031790
0.029421
0.027100
0.024833
0.022621
0.020463
0.018375
0.016363
0.014427
0.012571
0.010806
0.009134
0.007557
0.006081
0.004712
0.003452
0.002302
0.001268
0.000352
-0.000444
-0.001117
-0.001666
-0.002090
-0.002388
-0.002557
-0.002599
-0.002514
-0.002300
-0.001959
-0.001493
-0.000901
-0.000186
0.000650
0.001606
0.002679
0.003865
0.005163
0.006569
0.008080
0.009688
0.011394
0.013194
0.015080
0.017046
0.019093
0.021216
0.023400
0.025647
0.027954
0.030316
0.032712
0.035151
0.037629
0.040135
0.042651
0.045189
0.047744
0.050294
0.052836
0.055376
0.057911
0.060406
0.062875
0.065321
0.067738
0.070082
0.072387
0.074646
0.076845
0.078956
0.081007
0.082995
0.084890
0.086687
0.088408
0.090049
0.091565
0.092980
0.094305
0.095535
0.096612
0.097590
0.098466
0.099224
0.099831
0.100332
0.100725
0.100978
0.101090
0.101091
0.100981
0.100717
0.100324
0.099822
0.099211
0.098434
0.097549
0.096560
0.095455
0.094204
0.092857
0.091416
0.089857
0.088179
0.086419
0.084579
0.082625
0.080584
0.078477
0.076308
0.074038
0.071713
0.069341
0.066921
0.064431
0.061913
0.059372
0.056798
0.054192
0.051583
0.048976
0.046356
0.043741
0.041148
0.038581
0.036026
0.033510
0.031039
0.028618
0.026239
0.023926
0.021682
0.019508
0.017407
0.015393
0.013470
0.011637
0.009902
0.008272
0.006750
0.005337
0.004040
0.002862
0.001805
0.000872
0.000066
-0.000611
-0.001157
-0.001571
-0.001853
-0.002001
-0.002015
-0.001895
-0.001641
-0.001255
-0.000737
-0.000088
0.000689
0.001594
0.002622
0.003772
0.005041
0.006426
0.007920
0.009524
0.011234
0.013041
0.014942
0.016936
0.019018
0.021174
0.023406
0.025711
0.028083
0.030502
0.032977
0.035503
0.038070
0.040659
0.043282
0.045934
0.048593
0.051254
0.053925
0.056601
0.059250
0.061882
0.064500
0.067099
0.069634
0.072138
0.074605
0.077021
0.079354
0.081635
0.083859
0.085997
0.088042
0.090015
0.091912
0.093689
0.095367
0.096956
0.098455
0.099801
0.101048
0.102193
0.103222
0.104097
0.104864
0.105520
0.106035
0.106404
0.106658
0.106797
0.106776
0.106619
0.106348
0.105962
0.105400
0.104721
0.103931
0.103019
0.101946
0.100767
0.099484
0.098074
0.096531
0.094894
0.093164
0.091310
0.089354
0.087319
0.085209
0.082982
0.080686
0.078331
0.075915
0.073410
0.070864
0.068282
0.065653
0.062974
0.060279
0.057573
0.054839
0.052094
0.049359
0.046638
0.043914
0.041215
0.038551
0.035926
0.033329
0.030787
0.028306
0.025884
0.023525
0.021245
0.019049
0.016935
0.014912
0.012989
0.011169
0.009453
0.007849
0.006362
0.004995
0.003749
0.002630
0.001641
0.000783
0.000058
-0.000531
-0.000982
-0.001296
-0.001471
-0.001506
-0.001403
-0.001160
-0.000779
-0.000262
0.000391
0.001179
0.002097
0.003146
0.004321
0.005619
0.007038
0.008574
0.010222
0.011977
0.013838
0.015801
0.017854
0.019996
0.022226
0.024538
0.026913
0.029358
0.031870
0.034437
0.037043
0.039698
0.042395
0.045117
0.047855
0.050617
0.053398
0.056168
0.058935
0.061702
0.064463
0.067175
0.069867
0.072535
0.075164
0.077723
0.080240
0.082710
0.085107
0.087418
0.089667
0.091848
0.093920
0.095898
0.097795
0.099607
0.101274
0.102844
0.104317
0.105680
0.106888
0.107990
0.108984
0.109840
0.110545
0.111135
0.111610
0.111923
0.112096
0.112150
0.112085
0.111840
0.111469
0.110981
0.110365
0.109576
0.108673
0.107657
0.106504
0.105204
0.103798
0.102289
0.100641
0.098875
0.097017
0.095071
0.092990
0.090823
0.088582
0.086265
0.083837
0.081351
0.078813
0.076210
0.073536
0.070828
0.068091
0.065307
0.062492
0.059668
0.056842
0.053991
0.051147
0.048321
0.045517
0.042719
0.039960
0.037246
0.034576
0.031949
0.029388
0.026896
0.024472
0.022124
0.019864
0.017697
0.015620
0.013645
0.011779
0.010024
0.008381
0.006859
0.005461
0.004190
0.003048
0.002040
0.001167
0.000431
-0.000166
-0.000622
-0.000937
-0.001109
-0.001138
-0.001026
-0.000771
-0.000375
0.000161
0.000835
0.001647
0.002592
0.003670
0.004878
0.006211
0.007666
0.009241
0.010933
0.012733
0.014639
0.016648
0.018757
0.020950
0.023231
0.025597
0.028039
0.030540
0.033109
0.035740
0.038418
0.041134
0.043893
0.046692
0.049503
0.052331
0.055178
0.058039
0.060876
0.063712
0.066542
0.069355
0.072117
0.074856
0.077567
0.080224
0.082813
0.085356
0.087847
0.090249
0.092570
0.094825
0.097007
0.099063
0.101032
0.102916
0.104702
0.106343
0.107886
0.109330
0.110646
0.111816
0.112877
0.113826
0.114621
0.115274
0.115811
0.116229
0.116469
0.116579
0.116569
0.116429
0.116109
0.115668
0.115107
0.114404
0.113540
0.112560
0.111467
0.110224
0.108845
0.107360
0.105771
0.104030
0.102184
0.100246
0.098215
0.096044
0.093797
0.091476
0.089067
0.086559
0.083994
0.081377
0.078686
0.075935
0.073151
0.070339
0.067472
0.064583
0.061687
0.058788
0.055860
0.052946
0.050051
0.047173
0.044308
0.041484
0.038705
0.035966
0.033277
0.030654
0.028102
0.025614
0.023207
0.020889
0.018665
0.016529
0.014498
0.012577
0.010766
0.009069
0.007495
0.006045
0.004722
0.003529
0.002470
0.001547
0.000762
0.000118
-0.000386
-0.000747
-0.000965
-0.001040
-0.000971
-0.000760
-0.000406
0.000089
0.000724
0.001497
0.002406
0.003448
0.004622
0.005922
0.007347
0.008893
0.010559
0.012333
0.014217
0.016207
0.018297
0.020476
0.022745
0.025103
0.027536
0.030036
0.032607
0.035243
0.037926
0.040655
0.043431
0.046250
0.049081
0.051939
0.054820
0.057715
0.060594
0.063477
0.066360
0.069222
0.072048
0.074854
0.077637
0.080363
0.083035
0.085665
0.088250
0.090739
0.093163
0.095525
0.097814
0.099982
0.102073
0.104083
0.105987
0.107763
0.109446
0.111032
0.112482
0.113802
0.115016
0.116121
0.117061
0.117877
0.118577
0.119155
0.119554
0.119832
0.119991
0.120008
0.119857
0.119586
0.119194
0.118646
0.117949
0.117134
0.116203
0.115105
0.113882
0.112549
0.111106
0.109499
0.107791
0.105986
0.104068
0.102019
0.099886
0.097672
0.095350
0.092933
0.090450
0.087907
0.085268
0.082570
0.079829
0.077050
0.074195
0.071316
0.068418
0.065499
0.062545
0.059593
0.056649
0.053702
0.050761
0.047848
0.044969
0.042112
0.039295
0.036533
0.033829
0.031173
0.028588
0.026081
0.023654
0.021304
0.019049
0.016893
0.014836
0.012882
0.011042
0.009317
0.007709
0.006224
0.004865
0.003636
0.002537
0.001573
0.000744
0.000054
-0.000497
-0.000908
-0.001177
-0.001306
-0.001293
-0.001139
-0.000845
-0.000411
0.000160
0.000869
0.001712
0.002686
0.003790
0.005022
0.006379
0.007853
0.009445
0.011152
0.012967
0.014883
0.016902
0.019019
0.021222
0.023508
0.025878
0.028327
0.030834
0.033407
0.036042
0.038732
0.041454
0.044221
0.047028
0.049860
0.052702
0.055566
0.058447
0.061319
0.064183
0.067045
0.069901
0.072712
0.075499
0.078261
0.080992
0.083647
0.086261
0.088830
0.091334
0.093749
0.096102
0.098391
0.100581
0.102672
0.104685
0.106616
0.108414
0.110111
0.111714
0.113219
0.114565
0.115808
0.116946
0.117958
0.118815
0.119560
0.120192
0.120674
0.121010
0.121229
0.121330
0.121263
0.121062
0.120743
0.120307
0.119689
0.118955
0.118107
0.117131
0.115996
0.114751
0.113400
0.111914
0.110297
0.108581
0.106771
0.104826
0.102780
0.100652
0.098444
0.096108
0.093703
0.091234
0.088694
0.086061
0.083382
0.080660
0.077879
0.075045
0.072186
0.069308
0.066390
0.063455
0.060521
0.057591
0.054644
0.051714
0.048810
0.045931
0.043069
0.040252
0.037484
0.034762
0.032091
0.029488
0.026957
0.024494
0.022111
0.019816
0.017614
0.015501
0.013490
0.011585
0.009789
0.008103
0.006535
0.005087
0.003760
0.002559
0.001486
0.000542
-0.000269
-0.000948
-0.001492
-0.001901
-0.002174
-0.002311
-0.002312
-0.002178
-0.001908
-0.001505
-0.000969
-0.000303
0.000493
0.001415
0.002463
0.003632
0.004919
0.006322
0.007840
0.009463
0.011191
0.013021
0.014950
0.016965
0.019069
0.021259
0.023526
0.025860
0.028265
0.030737
0.033260
0.035831
0.038453
0.041120
0.043810
0.046530
0.049278
0.052051
0.054815
0.057591
0.060375
0.063152
0.065902
0.068643
0.071370
0.074058
0.076704
0.079319
0.081900
0.084409
0.086862
0.089267
0.091617
0.093863
0.096045
0.098160
0.100191
0.102109
0.103948
0.105705
0.107349
0.108876
0.110311
0.111651
0.112851
0.113936
0.114918
0.115796
0.116509
0.117113
0.117609
0.117980
0.118193
0.118294
0.118283
0.118132
0.117835
0.117426
0.116906
0.116233
0.115432
0.114524
0.113509
0.112333
0.111052
0.109671
0.108182
0.106551
0.104829
0.103019
0.101099
0.099068
0.096960
0.094779
0.092494
0.090130
0.087706
0.085227
0.082656
0.080037
0.077379
0.074680
0.071919
0.069135
0.066334
0.063507
0.060654
0.057801
0.054953
0.052098
0.049252
0.046428
0.043634
0.040853
0.038112
0.035416
0.032769
0.030164
0.027623
0.025148
0.022740
0.020403
0.018148
0.015978
0.013895
0.011903
0.010010
0.008219
0.006531
0.004951
0.003482
0.002128
0.000890
-0.000230
-0.001228
-0.002104
-0.002855
-0.003481
-0.003981
-0.004354
-0.004599
-0.004717
-0.004710
-0.004574
-0.004313
-0.003928
-0.003420
-0.002790
-0.002040
-0.001172
-0.000190
0.000906
0.002111
0.003424
0.004840
0.006355
0.007968
0.009675
0.011468
0.013346
0.015306
0.017345
0.019448
0.021620
0.023857
0.026152
0.028492
0.030882
0.033319
0.035789
0.038286
0.040813
0.043368
0.045928
0.048497
0.051078
0.053666
0.056228
0.058786
0.061336
0.063866
0.066353
0.068816
0.071252
0.073640
0.075971
0.078261
0.080506
0.082673
0.084774
0.086817
0.088799
0.090674
0.092477
0.094208
0.095855
0.097384
0.098832
0.100196
0.101451
0.102587
0.103632
0.104584
0.105405
0.106110
0.106717
0.107225
0.107582
0.107832
0.107979
0.108016
0.107903
0.107687
0.107367
0.106924
0.106347
0.105669
0.104890
0.103980
0.102954
0.101833
0.100618
0.099267
0.097822
0.096292
0.094672
0.092929
0.091110
0.089218
0.087239
0.085165
0.083030
0.080836
0.078562
0.076224
0.073841
0.071416
0.068925
0.066397
0.063844
0.061266
0.058643
0.056010
0.053371
0.050721
0.048059
0.045407
0.042769
0.040138
0.037524
0.034940
0.032391
0.029869
0.027389
0.024959
0.022581
0.020253
0.017988
0.015790
0.013662
0.011605
0.009628
0.007734
0.005924
0.004204
0.002577
0.001044
-0.000389
-0.001721
-0.002950
-0.004074
-0.005088
-0.005994
-0.006790
-0.007475
-0.008044
-0.008502
-0.008847
-0.009077
-0.009192
-0.009194
-0.009085
-0.008862
-0.008528
-0.008085
-0.007536
-0.006877
-0.006115
-0.005251
-0.004288
-0.003227
-0.002072
-0.000825
0.000510
0.001929
0.003429
0.005009
0.006661
0.008382
0.010171
0.012024
0.013929
0.015888
0.017899
0.019955
0.022044
0.024171
0.026332
0.028516
0.030716
0.032936
0.035172
0.037407
0.039641
0.041878
0.044113
0.046320
0.048513
0.050691
0.052845
0.054952
0.057031
0.059077
0.061076
0.063015
0.064910
0.066757
0.068532
0.070240
0.071889
0.073478
0.074969
0.076389
0.077739
0.079012
0.080175
0.081261
0.082267
0.083178
0.083978
0.084695
0.085325
0.085843
0.086255
0.086579
0.086813
0.086920
0.086930
0.086850
0.086676
0.086372
0.085979
0.085498
0.084915
0.084216
0.083432
0.082564
0.081591
0.080519
0.079369
0.078142
0.076810
0.075400
0.073921
0.072372
0.070727
0.069023
0.067261
0.065436
0.063538
0.061594
0.059606
0.057564
0.055474
0.053353
0.051203
0.049011
0.046795
0.044564
0.042321
0.040052
0.037781
0.035512
0.033243
0.030974
0.028720
0.026483
0.024263
0.022065
0.019898
0.017766
0.015666
0.013608
0.011596
0.009632
0.007720
0.005864
0.004068
0.002335
0.000668
-0.000930
-0.002456
-0.003907
-0.005279
-0.006572
-0.007785
-0.008911
-0.009950
-0.010904
-0.011771
-0.012542
-0.013223
-0.013814
-0.014313
-0.014713
-0.015022
-0.015240
-0.015363
-0.015391
-0.015328
-0.015175
-0.014929
-0.014592
-0.014169
-0.013662
-0.013065
-0.012386
-0.011629
-0.010793
-0.009878
-0.008891
-0.007834
-0.006709
-0.005517
-0.004265
-0.002955
-0.001590
-0.000173
0.001292
0.002802
0.004351
0.005937
0.007556
0.009205
0.010875
0.012567
0.014278
0.016001
0.017728
0.019462
0.021200
0.022930
0.024649
0.026360
0.028060
0.029731
0.031379
0.033004
0.034602
0.036153
0.037670
0.039151
0.040586
0.041963
0.043295
0.044579
0.045799
0.046955
0.048055
0.049098
0.050059
0.050954
0.051785
0.052550
0.053222
0.053826
0.054361
0.054818
0.055184
0.055478
0.055701
0.055836
0.055885
0.055862
0.055767
0.055578
0.055312
0.054975
0.054567
0.054064
0.053494
0.052857
0.052148
0.051356
0.050503
0.049590
0.048607
0.047556
0.046451
0.045294
0.044071
0.042797
0.041479
0.040118
0.038700
0.037246
0.035759
0.034237
0.032676
0.031090
0.029483
0.027851
0.026198
0.024533
0.022858
0.021171
0.019480
0.017788
0.016100
0.014413
0.012736
0.011071
0.009422
0.007789
0.006179
0.004594
0.003036
0.001509
0.000015
-0.001444
-0.002862
-0.004237
-0.005570
-0.006858
-0.008092
-0.009277
-0.010409
-0.011488
-0.012504
-0.013463
-0.014364
-0.015202
-0.015973
-0.016681
-0.017327
-0.017903
-0.018409
-0.018851
-0.019227
-0.019528
-0.019761
-0.019929
-0.020029
-0.020054
-0.020014
-0.019910
-0.019739
-0.019497
-0.019194
-0.018831
-0.018402
-0.017911
-0.017364
-0.016763
-0.016101
-0.015387
-0.014624
-0.013814
-0.012952
-0.012048
-0.011105
-0.010122
-0.009101
-0.008047
-0.006964
-0.005852
-0.004715
-0.003556
-0.002379
-0.001185
0.000021
0.001237
0.002460
0.003686
0.004913
0.006138
0.007358
0.008567
0.009767
0.010954
0.012123
0.013270
0.014397
0.015502
0.016574
0.017617
0.018631
0.019613
0.020550
0.021452
0.022316
0.023139
0.023911
0.024641
0.025327
0.025962
0.026544
0.027080
0.027567
0.027995
0.028369
0.028694
0.028968
0.029178
0.029335
0.029442
0.029495
0.029485
0.029424
0.029313
0.029145
0.028920
0.028647
0.028325
0.027947
0.027518
0.027045
0.026526
0.025953
0.025338
0.024682
0.023985
0.023241
0.022461
0.021647
0.020796
0.019908
0.018991
0.018046
0.017071
0.016069
0.015045
0.014001
0.012934
0.011851
0.010754
0.009644
0.008522
0.007392
0.006256
0.005116
0.003974
0.002833
0.001695
0.000562
-0.000563
-0.001680
-0.002785
-0.003875
-0.004949
-0.006006
-0.007043
-0.008056
-0.009045
-0.010009
-0.010945
-0.011849
-0.012722
-0.013565
-0.014369
-0.015136
-0.015867
-0.016561
-0.017208
-0.017815
-0.018380
-0.018904
-0.019375
-0.019803
-0.020186
-0.020521
-0.020804
-0.021040
-0.021231
-0.021368
-0.021454
-0.021494
-0.021487
-0.021424
-0.021313
-0.021156
-0.020953
-0.020695
-0.020393
-0.020048
-0.019656
-0.019217
-0.018736
-0.018217
-0.017654
-0.017049
-0.016410
-0.015736
-0.015023
-0.014278
-0.013503
-0.012700
-0.011865
-0.011006
-0.010124
-0.009221
-0.008295
-0.007354
-0.006397
-0.005426
-0.004443
-0.003451
-0.002453
-0.001448
-0.000441
0.000567
0.001574
0.002577
0.003574
0.004566
0.005548
0.006517
0.007474
0.008417
0.009343
0.010249
0.011136
0.012002
0.012843
0.013659
0.014451
0.015216
0.015948
0.016652
0.017326
0.017968
0.018573
0.019145
0.019685
0.020187
0.020649
0.021077
0.021470
0.021819
0.022130
0.022404
0.022641
0.022831
0.022984
0.023099
0.023175
0.023206
0.023199
0.023155
0.023070
0.022942
0.022778
0.022579
0.022337
0.022057
0.021742
0.021394
0.021004
0.020581
0.020125
0.019638
0.019112
0.018558
0.017975
0.017361
0.016716
0.016045
0.015350
0.014628
0.013880
0.013112
0.012324
0.011512
0.010682
0.009837
0.008977
0.008098
0.007209
0.006309
0.005399
0.004480
0.003555
0.002625
0.001692
0.000756
-0.000179
-0.001111
-0.002041
-0.002965
-0.003883
-0.004791
-0.005689
-0.006575
-0.007447
-0.008303
-0.009142
-0.009961
-0.010760
-0.011536
-0.012287
-0.013012
-0.013711
-0.014380
-0.015017
-0.015623
-0.016197
-0.016732
-0.017231
-0.017695
-0.018119
-0.018499
-0.018840
-0.019140
-0.019395
-0.019603
-0.019768
-0.019888
-0.019958
-0.019980
-0.019956
-0.019885
-0.019760
-0.019588
-0.019368
-0.019099
-0.018776
-0.018407
-0.017990
-0.017524
-0.017007
-0.016444
-0.015836
-0.015179
-0.014476
-0.013730
-0.012943
-0.012109
-0.011235
-0.010323
-0.009373
-0.008384
-0.007361
-0.006305
-0.005216
-0.004097
-0.002951
-0.001778
-0.000581
0.000638
0.001877
0.003135
0.004407
0.005694
0.006992
0.008299
0.009612
0.010929
0.012250
0.013571
0.014887
0.016200
0.017508
0.018804
0.020087
0.021360
0.022619
0.023855
0.025071
0.026269
0.027445
0.028587
0.029705
0.030797
0.031857
0.032878
0.033869
0.034827
0.035743
0.036618
0.037457
0.038260
0.039010
0.039718
0.040387
0.041013
0.041582
0.042109
0.042593
0.043027
0.043406
0.043741
0.044032
0.044267
0.044451
0.044589
0.044683
0.044718
0.044704
0.044647
0.044545
0.044383
0.044177
0.043930
0.043635
0.043287
0.042898
0.042470
0.041993
0.041471
0.040913
0.040318
0.039675
0.038995
0.038283
0.037538
0.036748
0.035929
0.035083
0.034206
0.033294
0.032358
0.031400
0.030415
0.029404
0.028375
0.027330
0.026262
0.025178
0.024083
0.022977
0.021853
0.020723
0.019588
0.018447
0.017299
0.016151
0.015004
0.013858
0.012713
0.011575
0.010447
0.009324
0.008212
0.007114
0.006031
0.004962
0.003911
0.002882
0.001873
0.000887
-0.000074
-0.001007
-0.001912
-0.002788
-0.003631
-0.004440
-0.005215
-0.005954
-0.006654
-0.007314
-0.007933
-0.008509
-0.009042
-0.009530
-0.009970
-0.010362
-0.010706
-0.010999
-0.011240
-0.011430
-0.011566
-0.011648
-0.011674
-0.011645
-0.011560
-0.011416
-0.011215
-0.010956
-0.010640
-0.010263
-0.009828
-0.009335
-0.008782
-0.008170
-0.007500
-0.006772
-0.005986
-0.005143
-0.004243
-0.003288
-0.002278
-0.001214
-0.000097
0.001071
0.002289
0.003555
0.004869
0.006229
0.007631
0.009075
0.010560
0.012081
0.013637
0.015227
0.016849
0.018497
0.020170
0.021868
0.023589
0.025322
0.027071
0.028836
0.030610
0.032384
0.034166
0.035951
0.037730
0.039500
0.041266
0.043026
0.044761
0.046481
0.048185
0.049871
0.051517
0.053139
0.054736
0.056299
0.057815
0.059298
0.060747
0.062145
0.063492
0.064798
0.066061
0.067259
0.068403
0.069499
0.070546
0.071514
0.072429
0.073291
0.074091
0.074813
0.075480
0.076089
0.076626
0.077090
0.077495
0.077842
0.078108
0.078307
0.078447
0.078529
0.078524
0.078460
0.078339
0.078154
0.077891
0.077572
0.077198
0.076758
0.076251
0.075691
0.075081
0.074404
0.073670
0.072890
0.072064
0.071172
0.070236
0.069258
0.068237
0.067161
0.066048
0.064900
0.063712
0.062480
0.061220
0.059931
0.058606
0.057250
0.055872
0.054473
0.053042
0.051593
0.050129
0.048650
0.047148
0.045636
0.044117
0.042588
0.041048
0.039506
0.037964
0.036416
0.034869
0.033327
0.031791
0.030257
0.028733
0.027220
0.025721
0.024231
0.022758
0.021304
0.019869
0.018452
0.017060
0.015692
0.014349
0.013034
0.011748
0.010493
0.009269
0.008080
0.006926
0.005809
0.004729
0.003690
0.002691
0.001735
0.000822
-0.000046
-0.000869
-0.001644
-0.002371
-0.003049
-0.003678
-0.004254
-0.004779
-0.005252
-0.005673
-0.006038
-0.006349
-0.006607
-0.006809
-0.006955
-0.007047
-0.007083
-0.007064
-0.006988
-0.006859
-0.006675
-0.006436
-0.006144
-0.005799
-0.005402
-0.004952
-0.004452
-0.003904
-0.003307
-0.002662
-0.001972
-0.001239
-0.000462
0.000356
0.001213
0.002108
0.003039
0.004003
0.005000
0.006027
0.007080
0.008159
0.009263
0.010389
0.011530
0.012690
0.013867
0.015054
0.016249
0.017453
0.018666
0.019878
0.021090
0.022303
0.023515
0.024715
0.025908
0.027095
0.028272
0.029427
0.030569
0.031697
0.032804
0.033885
0.034947
0.035989
0.036999
0.037981
0.038938
0.039870
0.040762
0.041624
0.042457
0.043260
0.044018
0.044745
0.045441
0.046098
0.046714
0.047297
0.047846
0.048353
0.048820
0.049254
0.049654
0.050008
0.050326
0.050611
0.050862
0.051068
0.051242
0.051383
0.051489
0.051555
0.051592
0.051598
0.051568
0.051505
0.051414
0.051296
0.051142
0.050961
0.050756
0.050525
0.050262
0.049977
0.049671
0.049340
0.048984
0.048609
0.048215
0.047800
0.047364
0.046913
0.046446
0.045960
0.045459
0.044945
0.044418
0.043875
0.043322
0.042757
0.042182
0.041595
0.041000
0.040396
0.039784
0.039164
0.038537
0.037903
0.037263
0.036618
0.035967
0.035313
0.034652
0.033989
0.033321
0.032651
0.031977
0.031300
0.030622
0.029940
0.029257
0.028571
0.027885
0.027196
0.026506
0.025816
0.025124
0.024431
0.023737
0.023043
0.022348
0.021652
0.020957
0.020261
0.019565
0.018869
0.018174
0.017479
0.016785
0.016091
0.015398
0.014707
0.014016
0.013328
0.012642
0.011958
0.011276
0.010597
0.009922
0.009250
0.008582
0.007919
0.007261
0.006608
0.005961
0.005321
0.004688
0.004062
0.003445
0.002836
0.002237
0.001648
0.001070
0.000504
-0.000051
-0.000593
-0.001121
-0.001636
-0.002135
-0.002618
-0.003086
-0.003537
-0.003970
-0.004385
-0.004781
-0.005159
-0.005515
-0.005852
-0.006168
-0.006462
-0.006734
-0.006984
-0.007212
-0.007416
-0.007596
-0.007754
-0.007888
-0.007997
-0.008083
-0.008145
-0.008184
-0.008197
-0.008187
-0.008154
-0.008097
-0.008016
-0.007913
-0.007788
-0.007640
-0.007470
-0.007279
-0.007069
-0.006837
-0.006586
-0.006317
-0.006030
-0.005725
-0.005403
-0.005067
-0.004715
-0.004349
-0.003969
-0.003578
-0.003175
-0.002761
-0.002338
-0.001906
-0.001466
-0.001019
-0.000567
-0.000109
0.000353
0.000817
0.001285
0.001753
0.002222
0.002691
0.003159
0.003624
0.004087
0.004546
0.005002
0.005452
0.005896
0.006335
0.006767
0.007190
0.007605
0.008013
0.008412
0.008800
0.009178
0.009548
0.009905
0.010251
0.010586
0.010911
0.011222
0.011521
0.011809
0.012086
0.012347
0.012597
0.012835
0.013061
0.013273
0.013472
0.013661
0.013836
0.013998
0.014149
0.014289
0.014415
0.014530
0.014634
0.014728
0.014809
0.014880
0.014941
0.014993
0.015033
0.015065
0.015088
0.015103
0.015108
0.015106
0.015096
0.015079
0.015055
0.015025
0.014989
0.014947
0.014900
0.014848
0.014792
0.014731
0.014667
0.014601
0.014531
0.014459
0.014385
0.014309
0.014233
0.014155
0.014078
0.014000
0.013923
0.013846
0.013771
0.013697
0.013625
0.013555
0.013487
0.013422
0.013361
0.013303
0.013247
0.013196
0.013149
0.013106
0.013067
0.013033
0.013004
0.012979
0.012958
0.012943
0.012933
0.012927
0.012926
0.012931
0.012940
0.012954
0.012972
0.012995
0.013022
0.013053
0.013088
0.013126
0.013168
0.013212
0.013260
0.013310
0.013361
0.013414
0.013469
0.013524
0.013579
0.013634
0.013688
0.013741
0.013793
0.013843
0.013889
0.013933
0.013974
0.014009
0.014041
0.014067
0.014089
0.014102
0.014110
0.014112
0.014106
0.014092
0.014070
0.014041
0.014001
0.013952
0.013895
0.013829
0.013751
0.013663
0.013567
0.013461
0.013342
0.013214
0.013077
0.012930
0.012770
0.012602
0.012425
0.012237
0.012039
0.011834
0.011620
0.011395
0.011163
0.010924
0.010678
0.010423
0.010162
0.009896
0.009624
0.009346
0.009065
0.008780
0.008490
0.008197
0.007903
0.007607
0.007308
0.007009
0.006710
0.006412
0.006113
0.005817
0.005522
0.005229
0.004939
0.004652
0.004369
0.004089
0.003814
0.003543
0.003278
0.003018
0.002764
0.002516
0.002274
0.002038
0.001810
0.001588
0.001373
0.001165
0.000965
0.000772
0.000586
0.000408
0.000238
0.000076
-0.000079
-0.000226
-0.000365
-0.000496
-0.000619
-0.000735
-0.000843
-0.000943
-0.001035
-0.001119
-0.001196
-0.001264
-0.001325
-0.001378
-0.001424
-0.001461
-0.001491
-0.001512
-0.001527
-0.001532
-0.001530
-0.001519
-0.001501
-0.001474
-0.001439
-0.001395
-0.001343
-0.001282
-0.001212
-0.001134
-0.001046
-0.000948
-0.000842
-0.000727
-0.000601
-0.000466
-0.000322
-0.000167
-0.000002
0.000173
0.000358
0.000553
0.000759
0.000975
0.001201
0.001438
0.001686
0.001943
0.002211
0.002489
0.002778
0.003076
0.003383
0.003701
0.004028
0.004363
0.004708
0.005061
0.005422
0.005790
0.006167
0.006549
0.006938
0.007333
0.007733
0.008137
0.008545
0.008957
0.009371
0.009787
0.010204
0.010621
0.011037
0.011453
0.011866
0.012276
0.012682
0.013083
0.013480
0.013867
0.014248
0.014621
0.014986
0.015338
0.015679
0.016010
0.016328
0.016629
0.016918
0.017193
0.017450
0.017688
0.017911
0.018118
0.018301
0.018466
0.018613
0.018741
0.018842
0.018924
0.018987
0.019028
0.019042
0.019036
0.019011
0.018960
0.018884
0.018788
0.018673
0.018530
0.018365
0.018181
0.017978
0.017747
0.017497
0.017230
0.016943
0.016632
0.016306
0.015963
0.015601
0.015221
0.014828
0.014422
0.013998
0.013561
0.013114
0.012657
0.012185
0.011706
0.011220
0.010728
0.010226
0.009721
0.009213
0.008702
0.008188
0.007674
0.007162
0.006650
0.006142
0.005638
0.005140
0.004646
0.004161
0.003685
0.003218
0.002762
0.002318
0.001888
0.001471
0.001070
0.000685
0.000317
-0.000032
-0.000362
-0.000672
-0.000961
-0.001227
-0.001471
-0.001691
-0.001886
-0.002056
-0.002199
-0.002316
-0.002405
-0.002465
-0.002497
-0.002500
-0.002472
-0.002413
-0.002323
-0.002203
-0.002050
-0.001864
-0.001647
-0.001397
-0.001113
-0.000796
-0.000446
-0.000063
0.000355
0.000806
0.001290
0.001809
0.002361
0.002946
0.003563
0.004215
0.004898
0.005614
0.006361
0.007141
0.007952
0.008793
0.009664
0.010565
0.011495
0.012453
0.013438
0.014451
0.015489
0.016553
0.017641
0.018753
0.019887
0.021044
0.022219
0.023415
0.024630
0.025861
0.027108
0.028370
0.029647
0.030935
0.032232
0.033541
0.034859
0.036180
0.037507
0.038839
0.040175
0.041505
0.042835
0.044165
0.045490
0.046803
0.048110
0.049410
0.050695
0.051962
0.053216
0.054457
0.055669
0.056859
0.058029
0.059178
0.060285
0.061366
0.062420
0.063440
0.064413
0.065353
0.066258
0.067115
0.067922
0.068688
0.069413
0.070076
0.070686
0.071250
0.071767
0.072206
0.072594
0.072930
0.073206
0.073405
0.073548
0.073635
0.073652
0.073593
0.073477
0.073302
0.073047
0.072722
0.072339
0.071898
0.071367
0.070776
0.070128
0.069418
0.068625
0.067777
0.066877
0.065910
0.064874
0.063788
0.062656
0.061457
0.060204
0.058911
0.057577
0.056181
0.054748
0.053283
0.051785
0.050238
0.048668
0.047077
0.045459
0.043813
0.042155
0.040489
0.038805
0.037113
0.035421
0.033734
0.032040
0.030356
0.028685
0.027031
0.025385
0.023763
0.022167
0.020598
0.019054
0.017546
0.016076
0.014642
0.013249
0.011901
0.010600
0.009346
0.008143
0.006994
0.005899
0.004860
0.003880
0.002960
0.002100
0.001302
0.000566
-0.000106
-0.000713
-0.001256
-0.001734
-0.002147
-0.002495
-0.002777
-0.002996
-0.003152
-0.003243
-0.003271
-0.003239
-0.003146
-0.002993
-0.002783
-0.002516
-0.002194
-0.001819
-0.001392
-0.000915
-0.000391
0.000179
0.000793
0.001449
0.002142
0.002873
0.003640
0.004439
0.005265
0.006120
0.007001
0.007903
0.008824
0.009763
0.010720
0.011685
0.012659
0.013643
0.014635
0.015622
0.016611
0.017601
0.018586
0.019558
0.020524
0.021482
0.022424
0.023346
0.024254
0.025146
0.026010
0.026849
0.027668
0.028464
0.029220
0.029950
0.030652
0.031323
0.031950
0.032546
0.033110
0.033634
0.034113
0.034558
0.034967
0.035328
0.035645
0.035926
0.036168
0.036356
0.036504
0.036613
0.036681
0.036694
0.036668
0.036603
0.036493
0.036334
0.036137
0.035902
0.035619
0.035293
0.034931
0.034533
0.034086
0.033604
0.033088
0.032538
0.031944
0.031319
0.030665
0.029978
0.029256
0.028507
0.027734
0.026931
0.026101
0.025250
0.024380
0.023484
0.022570
0.021641
0.020699
0.019737
0.018765
0.017785
0.016795
0.015796
0.014794
0.013790
0.012783
0.011776
0.010772
0.009773
0.008777
0.007790
0.006813
0.005847
0.004893
0.003954
0.003031
0.002127
0.001242
0.000378
-0.000463
-0.001280
-0.002070
-0.002834
-0.003569
-0.004274
-0.004947
-0.005588
-0.006197
-0.006768
-0.007305
-0.007806
-0.008269
-0.008692
-0.009077
-0.009423
-0.009728
-0.009991
-0.010214
-0.010396
-0.010534
-0.010630
-0.010685
-0.010699
-0.010667
-0.010595
-0.010482
-0.010328
-0.010130
-0.009894
-0.009618
-0.009303
-0.008947
-0.008555
-0.008127
-0.007661
-0.007161
-0.006627
-0.006062
-0.005463
-0.004834
-0.004177
-0.003493
-0.002781
-0.002046
-0.001287
-0.000507
0.000294
0.001113
0.001949
0.002800
0.003664
0.004540
0.005427
0.006321
0.007222
0.008129
0.009039
0.009949
0.010860
0.011770
0.012676
0.013575
0.014469
0.015356
0.016231
0.017094
0.017946
0.018787
0.019606
0.020410
0.021197
0.021967
0.022710
0.023433
0.024136
0.024815
0.025464
0.026090
0.026693
0.027264
0.027805
0.028320
0.028808
0.029260
0.029682
0.030076
0.030440
0.030765
0.031061
0.031328
0.031562
0.031758
0.031925
0.032062
0.032163
0.032230
0.032268
0.032276
0.032247
0.032188
0.032100
0.031984
0.031830
0.031650
0.031443
0.031208
0.030940
0.030648
0.030331
0.029986
0.029613
0.029219
0.028803
0.028360
0.027896
0.027412
0.026909
0.026382
0.025838
0.025278
0.024701
0.024106
0.023497
0.022875
0.022239
0.021589
0.020930
0.020262
0.019582
0.018893
0.018199
0.017498
0.016790
0.016078
0.015363
0.014645
0.013925
0.013204
0.012483
0.011764
0.011045
0.010330
0.009619
0.008912
0.008210
0.007515
0.006826
0.006146
0.005474
0.004812
0.004160
0.003519
0.002890
0.002273
0.001670
0.001081
0.000506
-0.000054
-0.000597
-0.001123
-0.001633
-0.002126
-0.002598
-0.003052
-0.003488
-0.003904
-0.004298
-0.004672
-0.005025
-0.005357
-0.005666
-0.005953
-0.006219
-0.006461
-0.006679
-0.006876
-0.007050
-0.007199
-0.007324
-0.007428
-0.007508
-0.007563
-0.007595
-0.007605
-0.007592
-0.007555
-0.007496
-0.007415
-0.007312
-0.007186
-0.007040
-0.006874
-0.006686
-0.006479
-0.006253
-0.006009
-0.005745
-0.005465
-0.005168
-0.004856
-0.004527
-0.004185
-0.003829
