-0.49
-0.49
-0.48
-0.48
-0.48
-0.47
-0.47
-0.47
-0.46
-0.46
-0.46
-0.45
-0.45
-0.45
-0.44
-0.44
-0.44
-0.43
-0.43
-0.43
-0.42
-0.42
-0.42
-0.41
-0.41
-0.40
-0.40
-0.40
-0.39
-0.39
-0.39
-0.38
-0.38
-0.37
-0.37
-0.36
-0.36
-0.35
-0.35
-0.34
-0.34
-0.33
-0.33
-0.32
-0.32
-0.31
-0.30
-0.30
-0.29
-0.28
-0.28
-0.27
-0.26
-0.25
-0.24
-0.23
-0.22
-0.21
-0.20
-0.19
-0.18
-0.17
-0.15
-0.14
-0.13
-0.11
-0.10
-0.09
-0.07
-0.06
-0.04
-0.03
-0.02
-0.01
0.01
0.02
0.03
0.03
0.04
0.04
0.05
0.05
0.05
0.04
0.04
0.03
0.02
0.01
-0.01
-0.02
-0.04
-0.05
-0.07
-0.09
-0.11
-0.13
-0.16
-0.18
-0.20
-0.22
-0.24
-0.26
-0.28
-0.31
-0.33
-0.34
-0.36
-0.38
-0.40
-0.42
-0.43
-0.45
-0.46
-0.48
-0.49
-0.51
-0.52
-0.53
-0.54
-0.55
-0.56
-0.57
-0.58
-0.59
-0.60
-0.60
-0.61
-0.62
-0.62
-0.63
-0.64
-0.64
-0.64
-0.65
-0.65
-0.65
-0.66
-0.66
-0.66
-0.66
-0.67
-0.67
-0.67
-0.67
-0.67
-0.67
-0.67
-0.67
-0.67
-0.67
-0.67
-0.67
-0.67
-0.67
-0.67
-0.66
-0.66
-0.66
-0.66
-0.66
-0.65
-0.65
-0.65
-0.65
-0.64
-0.64
-0.64
-0.64
-0.63
-0.63
-0.63
-0.62
-0.62
-0.61
-0.61
-0.61
-0.60
-0.60
-0.59
-0.59
-0.59
-0.58
-0.58
-0.57
-0.57
-0.56
-0.56
-0.55
-0.55
-0.54
-0.54
-0.53
-0.52
-0.52
-0.51
-0.51
-0.50
-0.49
-0.49
-0.48
-0.47
-0.47
-0.46
-0.45
-0.45
-0.44
-0.43
-0.42
-0.42
-0.41
-0.40
-0.39
-0.38
-0.37
-0.36
-0.35
-0.34
-0.33
-0.32
-0.31
-0.30
-0.29
-0.28
-0.26
-0.25
-0.24
-0.22
-0.21
-0.19
-0.18
-0.16
-0.15
-0.13
-0.12
-0.10
-0.08
-0.07
-0.05
-0.03
-0.02
-0.00
0.01
0.02
0.03
0.04
0.05
0.06
0.06
0.06
0.06
0.06
0.05
0.05
0.04
0.02
0.01
-0.01
-0.03
-0.04
-0.07
-0.09
-0.11
-0.13
-0.16
-0.18
-0.20
-0.23
-0.25
-0.28
-0.30
-0.32
-0.35
-0.37
-0.39
-0.41
-0.43
-0.45
-0.47
-0.49
-0.51
-0.53
-0.54
-0.56
-0.57
-0.59
-0.60
-0.62
-0.63
-0.64
-0.65
-0.66
-0.67
-0.68
-0.69
-0.70
-0.71
-0.72
-0.72
-0.73
-0.73
-0.74
-0.74
-0.75
-0.75
-0.76
-0.76
-0.76
-0.76
-0.76
-0.76
-0.76
-0.76
-0.76
-0.76
-0.76
-0.76
-0.75
-0.75
-0.75
-0.74
-0.74
-0.74
-0.73
-0.73
-0.72
-0.71
-0.71
-0.70
-0.69
-0.69
-0.68
-0.67
-0.66
-0.65
-0.64
-0.63
-0.62
-0.61
-0.60
-0.59
-0.57
-0.56
-0.55
-0.54
-0.52
-0.51
-0.49
-0.48
-0.46
-0.45
-0.43
-0.42
-0.40
-0.38
-0.36
-0.35
-0.33
-0.31
-0.29
-0.27
-0.24
-0.22
-0.20
-0.17
-0.14
-0.12
-0.09
-0.06
-0.03
-0.00
0.03
0.06
0.09
0.12
0.14
0.17
0.20
0.22
0.24
0.26
0.27
0.29
0.30
0.30
0.30
0.30
0.30
0.29
0.28
0.27
0.25
0.23
0.21
0.19
0.17
0.14
0.11
0.08
0.05
0.02
-0.02
-0.05
-0.08
-0.12
-0.15
-0.18
-0.22
-0.25
-0.28
-0.32
-0.35
-0.38
-0.41
-0.44
-0.47
-0.50
-0.53
-0.56
-0.59
-0.62
-0.64
-0.67
-0.69
-0.71
-0.73
-0.76
-0.78
-0.80
-0.81
-0.83
-0.85
-0.86
-0.88
-0.89
-0.90
-0.91
-0.92
-0.93
-0.94
-0.95
-0.95
-0.96
-0.96
-0.96
-0.96
-0.96
-0.96
-0.96
-0.95
-0.95
-0.94
-0.93
-0.92
-0.91
-0.90
-0.89
-0.87
-0.86
-0.84
-0.82
-0.80
-0.78
-0.76
-0.74
-0.71
-0.69
-0.67
-0.64
-0.61
-0.58
-0.55
-0.52
-0.49
-0.46
-0.42
-0.38
-0.34
-0.30
-0.26
-0.21
-0.17
-0.12
-0.07
-0.02
0.03
0.08
0.13
0.19
0.24
0.29
0.35
0.40
0.45
0.51
0.56
0.61
0.66
0.70
0.75
0.79
0.83
0.87
0.90
0.93
0.95
0.98
0.99
1.01
1.02
1.02
1.02
1.02
1.01
1.00
0.99
0.97
0.95
0.93
0.90
0.87
0.84
0.81
0.77
0.74
0.70
0.66
0.62
0.57
0.53
0.48
0.44
0.39
0.35
0.30
0.25
0.21
0.16
0.11
0.06
0.02
-0.03
-0.08
-0.12
-0.17
-0.21
-0.26
-0.30
-0.34
-0.39
-0.43
-0.47
-0.51
-0.55
-0.58
-0.62
-0.65
-0.69
-0.72
-0.75
-0.78
-0.81
-0.84
-0.86
-0.88
-0.90
-0.92
-0.94
-0.95
-0.96
-0.97
-0.98
-0.98
-0.99
-0.99
-0.98
-0.98
-0.97
-0.96
-0.94
-0.92
-0.90
-0.88
-0.86
-0.83
-0.80
-0.77
-0.73
-0.69
-0.64
-0.60
-0.55
-0.49
-0.43
-0.37
-0.31
-0.24
-0.17
-0.10
-0.02
0.05
0.13
0.21
0.29
0.37
0.46
0.54
0.62
0.71
0.79
0.88
0.96
1.05
1.13
1.21
1.29
1.37
1.45
1.53
1.60
1.67
1.74
1.80
1.86
1.91
1.97
2.01
2.05
2.09
2.12
2.15
2.17
2.19
2.21
2.21
2.22
2.22
2.21
2.20
2.19
2.17
2.15
2.13
2.10
2.07
2.04
2.00
1.96
1.92
1.88
1.84
1.79
1.74
1.69
1.64
1.59
1.53
1.48
1.42
1.36
1.31
1.25
1.19
1.13
1.07
1.01
0.95
0.89
0.83
0.77
0.71
0.65
0.59
0.53
0.47
0.41
0.35
0.29
0.23
0.18
0.12
0.06
0.01
-0.05
-0.10
-0.16
-0.21
-0.26
-0.31
-0.36
-0.41
-0.46
-0.50
-0.54
-0.58
-0.62
-0.66
-0.69
-0.73
-0.75
-0.78
-0.80
-0.82
-0.84
-0.85
-0.86
-0.86
-0.86
-0.85
-0.84
-0.83
-0.80
-0.78
-0.74
-0.70
-0.65
-0.59
-0.52
-0.45
-0.37
-0.29
-0.19
-0.10
0.00
0.11
0.21
0.32
0.44
0.55
0.67
0.78
0.90
1.02
1.14
1.26
1.38
1.50
1.61
1.73
1.84
1.96
2.07
2.18
2.28
2.38
2.48
2.57
2.66
2.74
2.82
2.90
2.96
3.03
3.08
3.14
3.18
3.22
3.25
3.28
3.31
3.32
3.34
3.35
3.35
3.35
3.34
3.33
3.32
3.30
3.28
3.25
3.22
3.19
3.16
3.12
3.08
3.04
3.00
2.95
2.90
2.85
2.80
2.75
2.70
2.64
2.59
2.53
2.48
2.42
2.36
2.30
2.24
2.18
2.12
2.06
2.00
1.94
1.88
1.82
1.76
1.70
1.63
1.57
1.51
1.45
1.39
1.33
1.26
1.20
1.14
1.08
1.02
0.96
0.89
0.83
0.77
0.71
0.65
0.59
0.53
0.47
0.41
0.35
0.29
0.23
0.17
0.12
0.06
0.00
-0.05
-0.11
-0.16
-0.21
-0.26
-0.31
-0.36
-0.40
-0.44
-0.48
-0.51
-0.54
-0.57
-0.59
-0.60
-0.61
-0.60
-0.59
-0.57
-0.53
-0.49
-0.43
-0.36
-0.28
-0.18
-0.08
0.03
0.15
0.28
0.41
0.54
0.68
0.82
0.97
1.11
1.26
1.41
1.55
1.70
1.84
1.99
2.13
2.27
2.40
2.53
2.66
2.79
2.90
3.02
3.12
3.22
3.32
3.41
3.49
3.56
3.63
3.70
3.75
3.80
3.84
3.88
3.91
3.94
3.96
3.98
3.99
3.99
3.99
3.99
3.98
3.97
3.96
3.94
3.92
3.90
3.87
3.84
3.81
3.78
3.74
3.70
3.67
3.63
3.58
3.54
3.50
3.45
3.40
3.36
3.31
3.26
3.21
3.16
3.11
3.06
3.01
2.96
2.91
2.85
2.80
2.75
2.70
2.64
2.59
2.54
2.49
2.43
2.38
2.33
2.27
2.22
2.17
2.11
2.06
2.01
1.95
1.90
1.85
1.79
1.74
1.68
1.63
1.58
1.52
1.47
1.41
1.36
1.30
1.25
1.19
1.13
1.08
1.02
0.96
0.91
0.85
0.79
0.73
0.67
0.61
0.55
0.49
0.43
0.38
0.32
0.26
0.20
0.14
0.08
0.03
-0.02
-0.07
-0.12
-0.16
-0.20
-0.23
-0.25
-0.26
-0.26
-0.25
-0.22
-0.17
-0.11
-0.04
0.05
0.15
0.27
0.39
0.52
0.66
0.80
0.95
1.10
1.25
1.40
1.55
1.70
1.85
1.99
2.13
2.26
2.39
2.51
2.63
2.74
2.84
2.94
3.03
3.11
3.18
3.25
3.31
3.37
3.42
3.46
3.50
3.53
3.56
3.58
3.60
3.61
3.62
3.62
3.63
3.63
3.62
3.62
3.61
3.60
3.58
3.57
3.55
3.53
3.51
3.49
3.47
3.44
3.42
3.39
3.36
3.34
3.31
3.28
3.25
3.22
3.19
3.16
3.13
3.10
3.06
3.03
3.00
2.97
2.93
2.90
2.86
2.83
2.80
2.76
2.73
2.69
2.66
2.62
2.59
2.55
2.52
2.48
2.45
2.41
2.37
2.34
2.30
2.26
2.23
2.19
2.15
2.11
2.08
2.04
2.00
1.96
1.92
1.88
1.84
1.80
1.76
1.72
1.68
1.64
1.59
1.55
1.51
1.46
1.42
1.37
1.32
1.28
1.23
1.18
1.13
1.08
1.03
0.97
0.92
0.86
0.81
0.75
0.70
0.64
0.58
0.52
0.47
0.41
0.35
0.30
0.24
0.19
0.14
0.10
0.06
0.03
0.01
0.00
0.00
0.01
0.04
0.08
0.13
0.19
0.26
0.33
0.41
0.49
0.58
0.66
0.75
0.83
0.91
0.99
1.06
1.13
1.19
1.25
1.31
1.36
1.41
1.46
1.50
1.54
1.57
1.60
1.63
1.66
1.68
1.70
1.72
1.74
1.76
1.77
1.78
1.80
1.81
1.81
1.82
1.83
1.83
1.84
1.84
1.85
1.85
1.85
1.85
1.85
1.85
1.85
1.85
1.85
1.85
1.85
1.85
1.85
1.84
1.84
1.84
1.83
1.83
1.83
1.82
1.82
1.81
1.81
1.81
1.80
1.79
1.79
1.78
1.78
1.77
1.76
1.76
1.75
1.74
1.73
1.72
1.71
1.71
1.70
1.69
1.68
1.66
1.65
1.64
1.63
1.62
1.60
1.59
1.57
1.56
1.54
1.53
1.51
1.49
1.48
1.46
1.44
1.42
1.40
1.38
1.35
1.33
1.31
1.28
1.25
1.23
1.20
1.17
1.14
1.11
1.08
1.04
1.01
0.97
0.93
0.89
0.85
0.80
0.76
0.71
0.65
0.60
0.55
0.49
0.43
0.36
0.30
0.23
0.16
0.09
0.03
-0.04
-0.11
-0.17
-0.23
-0.28
-0.33
-0.37
-0.40
-0.42
-0.43
-0.43
-0.42
-0.40
-0.37
-0.33
-0.28
-0.23
-0.16
-0.09
-0.02
0.06
0.14
0.22
0.31
0.39
0.47
0.56
0.64
0.71
0.79
0.86
0.93
1.00
1.06
1.12
1.18
1.24
1.29
1.34
1.38
1.42
1.46
1.50
1.53
1.56
1.59
1.62
1.64
1.66
1.68
1.70
1.71
1.73
1.74
1.75
1.76
1.77
1.77
1.78
1.78
1.78
1.78
1.78
1.78
1.78
1.77
1.77
1.76
1.76
1.75
1.75
1.74
1.73
1.72
1.71
1.70
1.69
1.68
1.67
1.66
1.64
1.63
1.62
1.60
1.59
1.58
1.56
1.55
1.53
1.52
1.50
1.49
1.47
1.45
1.44
1.42
1.41
1.39
1.37
1.35
1.34
1.32
1.30
1.28
1.27
1.25
1.23
1.21
1.19
1.17
1.15
1.13
1.11
1.09
1.07
1.05
1.03
1.01
0.99
0.97
0.95
0.92
0.90
0.88
0.86
0.83
0.81
0.78
0.75
0.73
0.70
0.67
0.64
0.61
0.58
0.55
0.51
0.48
0.44
0.41
0.37
0.32
0.28
0.24
0.19
0.15
0.10
0.05
-0.00
-0.05
-0.10
-0.15
-0.20
-0.25
-0.30
-0.34
-0.38
-0.42
-0.46
-0.49
-0.52
-0.54
-0.55
-0.56
-0.56
-0.55
-0.53
-0.51
-0.47
-0.43
-0.38
-0.33
-0.26
-0.19
-0.11
-0.03
0.06
0.16
0.26
0.36
0.46
0.57
0.67
0.78
0.89
1.00
1.10
1.21
1.31
1.41
1.51
1.61
1.71
1.80
1.89
1.98
2.06
2.15
2.22
2.30
2.37
2.44
2.51
2.57
2.63
2.69
2.75
2.80
2.85
2.89
2.94
2.98
3.02
3.05
3.08
3.11
3.14
3.17
3.19
3.21
3.23
3.24
3.26
3.27
3.27
3.28
3.28
3.29
3.28
3.28
3.28
3.27
3.26
3.25
3.24
3.22
3.21
3.19
3.17
3.14
3.12
3.09
3.07
3.04
3.00
2.97
2.94
2.90
2.86
2.82
2.78
2.74
2.70
2.65
2.61
2.56
2.51
2.46
2.41
2.36
2.31
2.25
2.20
2.15
2.09
2.04
1.98
1.92
1.87
1.81
1.76
1.70
1.64
1.59
1.53
1.48
1.43
1.37
1.32
1.27
1.21
1.16
1.11
1.07
1.02
0.97
0.92
0.88
0.84
0.79
0.75
0.71
0.67
0.64
0.60
0.56
0.53
0.50
0.46
0.43
0.40
0.37
0.35
0.32
0.29
0.27
0.24
0.22
0.20
0.17
0.15
0.13
0.11
0.09
0.07
0.05
0.04
0.02
0.00
-0.02
-0.03
-0.05
-0.07
-0.08
-0.10
-0.11
-0.13
-0.14
-0.16
-0.17
-0.19
-0.20
-0.22
-0.23
-0.24
-0.25
-0.26
-0.27
-0.28
-0.29
-0.29
-0.29
-0.29
-0.29
-0.28
-0.27
-0.26
-0.24
-0.21
-0.18
-0.15
-0.11
-0.06
-0.00
0.06
0.13
0.20
0.28
0.37
0.46
0.56
0.66
0.76
0.86
0.97
1.08
1.18
1.29
1.39
1.49
1.59
1.68
1.77
1.86
1.94
2.02
2.09
2.15
2.21
2.27
2.31
2.36
2.40
2.43
2.46
2.49
2.51
2.53
2.54
2.55
2.56
2.56
2.56
2.56
2.55
2.55
2.54
2.53
2.51
2.50
2.49
2.47
2.45
2.43
2.41
2.39
2.37
2.34
2.32
2.30
2.27
2.25
2.22
2.20
2.17
2.15
2.12
2.09
2.07
2.04
2.02
1.99
1.96
1.94
1.91
1.89
1.86
1.83
1.81
1.78
1.76
1.73
1.71
1.68
1.66
1.63
1.61
1.59
1.56
1.54
1.52
1.49
1.47
1.45
1.42
1.40
1.38
1.36
1.34
1.31
1.29
1.27
1.25
1.23
1.21
1.19
1.17
1.15
1.13
1.11
1.09
1.07
1.05
1.03
1.01
0.99
0.97
0.95
0.93
0.92
0.90
0.88
0.86
0.84
0.83
0.81
0.79
0.77
0.76
0.74
0.72
0.71
0.69
0.67
0.66
0.64
0.62
0.61
0.59
0.58
0.56
0.55
0.53
0.52
0.50
0.49
0.47
0.46
0.44
0.43
0.41
0.40
0.38
0.37
0.36
0.34
0.33
0.32
0.30
0.29
0.28
0.26
0.25
0.24
0.23
0.21
0.20
0.19
0.18
0.17
0.15
0.14
0.13
0.12
0.11
0.10
0.08
0.07
0.06
0.05
0.04
0.03
0.02
0.01
-0.00
-0.01
-0.02
-0.03
-0.04
-0.04
-0.05
-0.05
-0.05
-0.05
-0.05
-0.04
-0.03
-0.02
-0.00
0.02
0.05
0.08
0.11
0.16
0.20
0.25
0.30
0.36
0.42
0.49
0.55
0.62
0.69
0.76
0.83
0.90
0.97
1.04
1.10
1.17
1.23
1.29
1.35
1.40
1.46
1.51
1.55
1.60
1.64
1.68
1.72
1.75
1.78
1.81
1.84
1.86
1.89
1.91
1.93
1.94
1.96
1.97
1.98
1.99
2.00
2.01
2.01
2.02
2.02
2.02
2.02
2.02
2.02
2.01
2.01
2.00
2.00
1.99
1.98
1.97
1.96
1.95
1.93
1.92
1.91
1.89
1.87
1.86
1.84
1.82
1.80
1.78
1.76
1.74
1.72
1.69
1.67
1.65
1.62
1.60
1.57
1.54
1.52
1.49
1.46
1.43
1.40
1.37
1.34
1.31
1.28
1.25
1.22
1.19
1.16
1.13
1.10
1.06
1.03
1.00
0.97
0.93
0.90
0.87
0.84
0.81
0.78
0.74
0.71
0.68
0.65
0.62
0.59
0.56
0.54
0.51
0.48
0.45
0.43
0.40
0.38
0.35
0.33
0.30
0.28
0.26
0.24
0.22
0.20
0.18
0.16
0.15
0.13
0.11
0.10
0.09
0.07
0.06
0.05
0.04
0.03
0.02
0.01
-0.00
-0.01
-0.02
-0.02
-0.03
-0.03
-0.04
-0.04
-0.04
-0.04
-0.04
-0.04
-0.03
-0.03
-0.02
-0.01
0.01
0.02
0.04
0.07
0.09
0.13
0.16
0.20
0.25
0.29
0.35
0.40
0.46
0.52
0.59
0.65
0.72
0.78
0.85
0.91
0.97
1.02
1.07
1.12
1.16
1.20
1.23
1.25
1.27
1.28
1.29
1.29
1.28
1.27
1.26
1.24
1.21
1.18
1.15
1.12
1.08
1.04
1.00
0.96
0.92
0.88
0.84
0.80
0.76
0.72
0.68
0.65
0.61
0.58
0.54
0.51
0.48
0.46
0.43
0.41
0.38
0.36
0.34
0.32
0.30
0.29
0.27
0.26
0.25
0.24
0.23
0.22
0.21
0.20
0.19
0.19
0.18
0.18
0.17
0.17
0.17
0.16
0.16
0.16
0.15
0.15
0.15
0.15
0.14
0.14
0.14
0.14
0.14
0.13
0.13
0.13
0.13
0.12
0.12
0.12
0.12
0.11
0.11
0.11
0.10
0.10
0.09
0.09
0.09
0.08
0.08
0.07
0.07
0.06
0.06
0.05
0.05
0.04
0.04
0.03
0.03
0.02
0.02
0.01
0.01
0.00
0.00
-0.00
-0.01
-0.01
-0.01
-0.01
-0.00
0.00
0.01
0.01
0.02
0.04
0.05
0.07
0.09
0.11
0.13
0.16
0.18
0.21
0.23
0.26
0.28
0.31
0.33
0.35
0.36
0.38
0.39
0.40
0.41
0.41
0.41
0.42
0.42
0.41
0.41
0.40
0.40
0.39
0.38
0.37
0.36
0.35
0.33
0.32
0.31
0.29
0.28
0.26
0.25
0.23
0.21
0.20
0.18
0.16
0.14
0.13
0.11
0.09
0.07
0.06
0.04
0.02
0.00
-0.02
-0.03
-0.05
-0.07
-0.09
-0.10
-0.12
-0.14
-0.16
-0.17
-0.19
-0.20
-0.22
-0.24
-0.25
-0.27
-0.28
-0.29
-0.31
-0.32
-0.34
-0.35
-0.36
-0.37
-0.38
-0.39
-0.40
-0.41
-0.42
-0.43
-0.44
-0.45
-0.46
-0.46
-0.47
-0.47
-0.48
-0.48
-0.48
-0.48
-0.48
-0.48
-0.48
-0.48
-0.47
-0.47
-0.46
-0.45
-0.45
-0.43
-0.42
-0.41
-0.39
-0.38
-0.36
-0.34
-0.32
-0.29
-0.27
-0.24
-0.21
-0.18
-0.14
-0.11
-0.07
-0.03
0.01
0.06
0.10
0.14
0.19
0.23
0.28
0.32
0.36
0.40
0.44
0.47
0.50
0.52
0.54
0.56
0.57
0.57
0.57
0.57
0.56
0.54
0.52
0.50
0.48
0.45
0.42
0.39
0.35
0.32
0.28
0.24
0.20
0.15
0.11
0.06
0.02
-0.03
-0.08
-0.13
-0.19
-0.24
-0.29
-0.35
-0.40
-0.46
-0.52
-0.58
-0.64
-0.70
-0.76
-0.83
-0.89
-0.95
-1.02
-1.08
-1.14
-1.21
-1.27
-1.33
-1.39
-1.45
-1.51
-1.57
-1.62
-1.68
-1.73
-1.78
-1.82
-1.87
-1.91
-1.95
-1.98
-2.02
-2.05
-2.07
-2.10
-2.12
-2.13
-2.15
-2.16
-2.17
-2.17
-2.17
-2.17
-2.16
-2.15
-2.14
-2.12
-2.10
-2.08
-2.05
-2.03
-1.99
-1.96
-1.92
-1.88
-1.84
-1.80
-1.75
-1.70
-1.65
-1.59
-1.54
-1.48
-1.42
-1.36
-1.29
-1.22
-1.16
-1.09
-1.01
-0.94
-0.87
-0.79
-0.71
-0.63
-0.56
-0.47
-0.39
-0.31
-0.23
-0.15
-0.06
0.02
0.10
0.18
0.26
0.34
0.42
0.49
0.56
0.63
0.70
0.76
0.81
0.87
0.91
0.95
0.99
1.02
1.04
1.05
1.06
1.06
1.05
1.04
1.01
0.98
0.94
0.89
0.83
0.77
0.70
0.62
0.54
0.46
0.37
0.28
0.18
0.09
-0.01
-0.11
-0.20
-0.30
-0.39
-0.49
-0.59
-0.68
-0.78
-0.87
-0.97
-1.06
-1.16
-1.25
-1.34
-1.44
-1.53
-1.62
-1.72
-1.81
-1.90
-1.99
-2.08
-2.17
-2.26
-2.35
-2.44
-2.53
-2.61
-2.69
-2.77
-2.85
-2.93
-3.00
-3.07
-3.14
-3.20
-3.26
-3.31
-3.37
-3.41
-3.46
-3.50
-3.53
-3.57
-3.59
-3.62
-3.64
-3.65
-3.66
-3.67
-3.67
-3.67
-3.67
-3.66
-3.65
-3.63
-3.61
-3.59
-3.56
-3.53
-3.50
-3.47
-3.43
-3.39
-3.35
-3.30
-3.25
-3.20
-3.15
-3.10
-3.04
-2.98
-2.93
-2.86
-2.80
-2.74
-2.67
-2.60
-2.53
-2.46
-2.39
-2.31
-2.24
-2.16
-2.09
-2.01
-1.93
-1.85
-1.76
-1.68
-1.60
-1.51
-1.43
-1.34
-1.25
-1.16
-1.07
-0.98
-0.89
-0.80
-0.70
-0.61
-0.51
-0.42
-0.32
-0.23
-0.13
-0.04
0.06
0.15
0.24
0.33
0.42
0.51
0.60
0.68
0.76
0.84
0.91
0.98
1.04
1.10
1.14
1.19
1.22
1.25
1.27
1.27
1.27
1.26
1.23
1.20
1.15
1.09
1.03
0.94
0.85
0.75
0.64
0.53
0.40
0.27
0.14
0.00
-0.13
-0.27
-0.41
-0.55
-0.68
-0.82
-0.95
-1.08
-1.20
-1.32
-1.44
-1.56
-1.67
-1.78
-1.88
-1.98
-2.08
-2.17
-2.26
-2.34
-2.42
-2.50
-2.58
-2.65
-2.72
-2.78
-2.85
-2.91
-2.96
-3.02
-3.08
-3.13
-3.18
-3.23
-3.27
-3.32
-3.36
-3.40
-3.44
-3.48
-3.51
-3.55
-3.58
-3.61
-3.63
-3.66
-3.68
-3.70
-3.72
-3.74
-3.75
-3.77
-3.78
-3.78
-3.79
-3.79
-3.79
-3.79
-3.79
-3.78
-3.78
-3.77
-3.76
-3.74
-3.73
-3.71
-3.69
-3.67
-3.65
-3.62
-3.60
-3.57
-3.54
-3.52
-3.48
-3.45
-3.42
-3.39
-3.35
-3.31
-3.28
-3.24
-3.20
-3.16
-3.12
-3.08
-3.03
-2.99
-2.95
-2.90
-2.85
-2.81
-2.76
-2.71
-2.66
-2.61
-2.56
-2.51
-2.46
-2.41
-2.35
-2.30
-2.24
-2.19
-2.13
-2.07
-2.01
-1.95
-1.89
-1.82
-1.76
-1.69
-1.63
-1.56
-1.49
-1.41
-1.34
-1.27
-1.19
-1.11
-1.03
-0.95
-0.86
-0.78
-0.69
-0.60
-0.51
-0.42
-0.33
-0.24
-0.15
-0.06
0.03
0.11
0.19
0.26
0.32
0.38
0.41
0.44
0.44
0.43
0.40
0.35
0.28
0.20
0.10
-0.00
-0.11
-0.23
-0.36
-0.48
-0.61
-0.74
-0.86
-0.99
-1.10
-1.22
-1.33
-1.43
-1.53
-1.63
-1.71
-1.80
-1.87
-1.94
-2.00
-2.05
-2.10
-2.14
-2.18
-2.20
-2.23
-2.24
-2.25
-2.25
-2.24
-2.23
-2.21
-2.19
-2.16
-2.12
-2.08
-2.03
-1.98
-1.92
-1.86
-1.79
-1.72
-1.65
-1.57
-1.49
-1.41
-1.32
-1.24
-1.15
-1.06
-0.96
-0.87
-0.78
-0.68
-0.59
-0.49
-0.40
-0.31
-0.21
-0.12
-0.03
0.06
0.14
0.23
0.32
0.40
0.48
0.56
0.64
0.71
0.79
0.86
0.93
0.99
1.06
1.12
1.18
1.24
1.30
1.36
1.41
1.46
1.51
1.56
1.60
1.65
1.69
1.73
1.77
1.81
1.85
1.88
1.92
1.95
1.98
2.01
2.03
2.06
2.08
2.11
2.13
2.15
2.16
2.18
2.19
2.20
2.21
2.22
2.23
2.23
2.23
2.23
2.23
2.22
2.21
2.19
2.17
2.15
2.13
2.09
2.06
2.02
1.97
1.92
1.85
1.79
1.71
1.63
1.53
1.43
1.32
1.20
1.07
0.93
0.78
0.62
0.45
0.27
0.09
-0.11
-0.30
-0.50
-0.70
-0.89
-1.08
-1.26
-1.43
-1.59
-1.73
-1.85
-1.95
-2.02
-2.06
-2.07
-2.05
-2.00
-1.93
-1.82
-1.70
-1.56
-1.40
-1.23
-1.06
-0.87
-0.68
-0.49
-0.29
-0.09
0.11
0.31
0.52
0.73
0.94
1.15
1.37
1.58
1.80
2.02
2.23
2.45
2.68
2.90
3.12
3.33
3.55
3.77
3.98
4.19
4.39
4.59
4.78
4.97
5.15
5.33
5.50
5.65
5.81
5.95
6.08
6.21
6.32
6.43
6.53
6.62
6.70
6.77
6.83
6.89
6.93
6.97
6.99
7.01
7.02
7.03
7.02
7.01
6.99
6.97
6.93
6.89
6.85
6.79
6.73
6.67
6.60
6.53
6.45
6.36
6.27
6.18
6.08
5.98
5.87
5.76
5.65
5.53
5.41
5.29
5.16
5.03
4.90
4.77
4.63
4.50
4.36
4.21
4.07
3.92
3.77
3.63
3.47
3.32
3.17
3.01
2.86
2.70
2.55
2.39
2.23
2.07
1.91
1.75
1.59
1.43
1.26
1.10
0.94
0.78
0.62
0.46
0.30
0.14
-0.01
-0.17
-0.32
-0.47
-0.62
-0.77
-0.92
-1.06
-1.20
-1.33
-1.47
-1.59
-1.72
-1.84
-1.95
-2.06
-2.16
-2.26
-2.35
-2.43
-2.50
-2.57
-2.63
-2.68
-2.72
-2.75
-2.76
-2.77
-2.77
-2.76
-2.73
-2.70
-2.65
-2.59
-2.51
-2.43
-2.34
-2.23
-2.11
-1.99
-1.86
-1.72
-1.57
-1.43
-1.27
-1.12
-0.97
-0.83
-0.69
-0.56
-0.43
-0.32
-0.22
-0.13
-0.05
0.01
0.06
0.10
0.12
0.13
0.14
0.13
0.11
0.09
0.06
0.02
-0.02
-0.06
-0.11
-0.15
-0.20
-0.25
-0.30
-0.34
-0.39
-0.43
-0.46
-0.50
-0.53
-0.56
-0.59
-0.61
-0.62
-0.64
-0.65
-0.65
-0.66
-0.65
-0.65
-0.64
-0.62
-0.60
-0.58
-0.55
-0.52
-0.49
-0.45
-0.40
-0.36
-0.31
-0.25
-0.20
-0.14
-0.07
-0.01
0.06
0.13
0.21
0.29
0.36
0.44
0.52
0.61
0.69
0.77
0.86
0.94
1.02
1.11
1.19
1.27
1.35
1.43
1.51
1.58
1.65
1.72
1.79
1.86
1.92
1.98
2.04
2.09
2.14
2.19
2.23
2.27
2.31
2.35
2.38
2.41
2.43
2.45
2.47
2.48
2.49
2.50
2.50
2.50
2.49
2.48
2.47
2.45
2.43
2.41
2.38
2.35
2.32
2.28
2.24
2.19
2.14
2.09
2.03
1.97
1.91
1.84
1.78
1.70
1.63
1.55
1.47
1.39
1.31
1.22
1.14
1.05
0.96
0.88
0.79
0.70
0.61
0.53
0.44
0.36
0.28
0.21
0.14
0.07
0.01
-0.05
-0.10
-0.14
-0.18
-0.21
-0.23
-0.24
-0.24
-0.23
-0.21
-0.19
-0.15
-0.10
-0.05
0.02
0.09
0.16
0.24
0.32
0.40
0.49
0.57
0.65
0.72
0.79
0.86
0.92
0.97
1.02
1.06
1.10
1.13
1.15
1.17
1.18
1.19
1.19
1.19
1.18
1.17
1.16
1.14
1.12
1.10
1.07
1.05
1.02
0.99
0.96
0.92
0.89
0.85
0.81
0.78
0.74
0.70
0.66
0.62
0.58
0.54
0.50
0.46
0.42
0.38
0.34
0.30
0.27
0.23
0.19
0.15
0.11
0.07
0.04
0.00
-0.03
-0.06
-0.10
-0.13
-0.15
-0.18
-0.20
-0.22
-0.24
-0.26
-0.27
-0.28
-0.28
-0.28
-0.28
-0.28
-0.26
-0.25
-0.23
-0.21
-0.19
-0.16
-0.13
-0.11
-0.08
-0.06
-0.04
-0.02
-0.01
0.00
0.00
0.00
-0.01
-0.02
-0.03
-0.04
-0.06
-0.08
-0.10
-0.12
-0.15
-0.17
-0.19
-0.22
-0.24
-0.27
-0.29
-0.32
-0.34
-0.36
-0.39
-0.41
-0.43
-0.46
-0.48
-0.50
-0.52
-0.54
-0.55
-0.57
-0.59
-0.60
-0.62
-0.63
-0.64
-0.66
-0.67
-0.68
-0.69
-0.70
-0.71
-0.72
-0.73
-0.73
-0.74
-0.75
-0.75
-0.76
-0.76
-0.77
-0.77
-0.78
-0.78
-0.78
-0.79
-0.79
-0.79
-0.79
-0.79
-0.80
-0.80
-0.80
-0.80
-0.80
-0.80
-0.80
-0.80
-0.80
-0.80
-0.80
-0.80
-0.80
-0.80
-0.80
-0.80
-0.80
-0.79
-0.79
-0.79
-0.79
-0.79
-0.79
-0.79
-0.79
-0.78
-0.78
-0.78
-0.78
-0.78
-0.78
-0.77
-0.77
-0.77
-0.77
-0.77
-0.76
-0.76
-0.76
-0.76
-0.75
-0.75
-0.75
-0.74
-0.74
-0.74
-0.73
-0.73
-0.72
-0.71
-0.71
-0.70
-0.69
-0.68
-0.67
-0.66
-0.64
-0.63
-0.61
-0.59
-0.57
-0.55
-0.53
-0.50
-0.47
-0.44
-0.41
-0.37
-0.33
-0.29
-0.25
-0.21
-0.16
-0.12
-0.07
-0.02
0.03
0.07
0.12
0.16
0.20
0.24
0.27
0.30
0.33
0.35
0.37
0.38
0.39
0.40
0.39
0.39
0.38
0.37
0.35
0.33
0.31
0.28
0.25
0.22
0.18
0.14
0.11
0.06
0.02
-0.02
-0.06
-0.11
-0.15
-0.19
-0.24
-0.28
-0.32
-0.36
-0.39
-0.43
-0.46
-0.49
-0.52
-0.55
-0.57
-0.59
-0.61
-0.63
-0.64
-0.65
-0.66
-0.66
-0.66
-0.67
-0.66
-0.66
-0.66
-0.65
-0.64
-0.63
-0.62
-0.61
-0.59
-0.58
-0.56
-0.55
-0.53
-0.51
-0.50
-0.48
-0.46
-0.44
-0.42
-0.41
-0.39
-0.37
-0.35
-0.33
-0.31
-0.30
-0.28
-0.26
-0.24
-0.23
-0.21
-0.20
-0.18
-0.16
-0.15
-0.13
-0.12
-0.11
-0.09
-0.08
-0.07
-0.05
-0.04
-0.03
-0.02
-0.01
0.00
0.02
0.03
0.04
0.05
0.06
0.07
0.07
0.08
0.09
0.10
0.11
0.12
0.12
0.13
0.14
0.15
0.15
0.16
0.17
0.17
0.18
0.19
0.19
0.20
0.20
0.21
0.22
0.22
0.23
0.23
0.24
0.24
0.25
0.25
0.26
0.26
0.27
0.27
0.27
0.28
0.28
0.29
0.29
0.29
0.30
0.30
0.30
0.30
0.31
0.31
0.31
0.31
0.32
0.32
0.32
0.32
0.32
0.32
0.32
0.32
0.32
0.32
0.32
0.31
0.31
0.31
0.30
0.30
0.29
0.29
0.28
0.27
0.27
0.26
0.25
0.24
0.23
0.21
0.20
0.19
0.17
0.16
0.14
0.13
0.11
0.10
0.08
0.07
0.05
0.04
0.03
0.02
0.01
0.00
-0.00
-0.00
-0.00
0.00
0.01
0.02
0.04
0.06
0.07
0.10
0.12
0.14
0.17
0.19
0.22
0.24
0.27
0.29
0.31
0.34
0.36
0.38
0.40
0.42
0.43
0.45
0.46
0.47
0.48
0.49
0.50
0.51
0.52
0.52
0.53
0.53
0.53
0.54
0.54
0.54
0.54
0.54
0.54
0.53
0.53
0.53
0.53
0.52
0.52
0.52
0.51
0.51
0.50
0.50
0.49
0.49
0.48
0.48
0.47
0.47
0.46
0.46
0.45
0.45
0.44
0.44
0.43
0.42
0.42
0.41
0.41
0.40
0.40
0.39
0.39
0.38
0.38
0.37
0.37
0.36
0.36
0.36
0.35
0.35
0.34
0.34
0.33
0.33
0.33
0.32
0.32
0.31
0.31
0.31
0.30
0.30
0.30
0.29
0.29
0.29
0.28
0.28
0.28
0.27
0.27
0.27
0.26
0.26
0.26
0.25
0.25
0.25
0.25
0.24
0.24
0.24
0.24
0.23
0.23
0.23
0.23
0.23
0.22
0.22
0.22
0.22
0.21
0.21
0.21
0.21
0.21
0.20
0.20
0.20
0.20
0.20
0.19
0.19
0.19
0.19
0.19
0.19
0.18
0.18
0.18
0.18
0.18
0.17
0.17
0.17
0.17
0.17
0.17
0.16
0.16
0.16
0.16
0.16
0.16
0.15
0.15
0.15
0.15
0.15
0.15
0.14
0.14
0.14
0.14
0.14
0.14
0.13
0.13
0.13
0.13
0.13
0.13
0.13
0.12
0.12
0.12
0.12
0.12
0.12
0.12
0.12
0.12
0.12
0.11
0.11
0.11
0.11
0.11
0.11
0.11
0.11
0.11
0.11
0.10
0.10
0.10
0.10
0.09
0.09
0.08
0.08
0.07
0.06
0.05
0.04
0.03
0.02
0.01
-0.00
-0.02
-0.03
-0.04
-0.05
-0.06
-0.07
-0.08
-0.08
-0.09
-0.09
-0.09
-0.09
-0.09
-0.09
-0.08
-0.08
-0.07
-0.06
-0.05
-0.04
-0.03
-0.02
-0.01
-0.00
0.01
0.02
0.03
0.04
0.05
0.06
0.07
0.08
0.09
0.10
0.11
0.12
0.13
0.14
0.15
0.16
0.17
0.18
0.18
0.19
0.20
0.20
0.21
0.22
0.22
0.23
0.23
0.24
0.24
0.25
0.25
0.26
0.26
0.26
0.27
0.27
0.27
0.28
0.28
0.28
0.28
0.29
0.29
0.29
0.29
0.29
0.29
0.29
0.29
0.29
0.29
0.29
0.29
0.29
0.29
0.29
0.29
0.29
0.29
0.29
0.29
0.28
0.28
0.28
0.28
0.28
0.27
0.27
0.27
0.26
0.26
0.25
0.25
0.24
0.24
0.23
0.22
0.22
0.21
0.20
0.20
0.19
0.18
0.17
0.16
0.15
0.14
0.13
0.11
0.10
0.09
0.07
0.06
0.05
0.03
0.02
0.01
-0.01
-0.02
-0.03
-0.04
-0.04
-0.05
-0.05
-0.05
-0.05
-0.04
-0.03
-0.02
-0.01
0.01
0.02
0.04
0.06
0.09
0.11
0.13
0.16
0.18
0.21
0.24
0.27
0.29
0.32
0.35
0.38
0.40
0.43
0.46
0.48
0.51
0.53
0.56
0.58
0.60
0.62
0.64
0.66
0.67
0.69
0.70
0.72
0.73
0.74
0.75
0.76
0.76
0.77
0.77
0.78
0.78
0.78
0.78
0.78
0.78
0.78
0.78
0.78
0.77
0.77
0.77
0.76
0.75
0.75
0.74
0.74
0.73
0.72
0.71
0.70
0.70
0.69
0.68
0.67
0.66
0.65
0.64
0.63
0.62
0.61
0.60
0.59
0.58
0.57
0.55
0.54
0.53
0.52
0.51
0.50
0.49
0.48
0.46
0.45
0.44
0.43
0.42
0.41
0.39
0.38
0.37
0.36
0.35
0.33
0.32
0.31
0.30
0.29
0.27
0.26
0.25
0.24
0.22
0.21
0.20
0.19
0.17
0.16
0.15
0.14
0.12
0.11
0.10
0.08
0.07
0.06
0.04
0.03
0.02
0.01
-0.01
-0.02
-0.03
-0.04
-0.05
-0.06
-0.07
-0.07
-0.07
-0.07
-0.07
-0.07
-0.06
-0.04
-0.02
-0.00
0.02
0.05
0.08
0.12
0.15
0.19
0.23
0.27
0.31
0.35
0.40
0.44
0.47
0.51
0.55
0.59
0.62
0.65
0.68
0.71
0.74
0.76
0.78
0.80
0.82
0.84
0.85
0.87
0.88
0.89
0.89
0.90
0.91
0.91
0.91
0.91
0.92
0.91
0.91
0.91
0.91
0.90
0.90
0.89
0.89
0.88
0.87
0.87
0.86
0.85
0.84
0.83
0.82
0.81
0.80
0.79
0.77
0.76
0.75
0.74
0.72
0.71
0.70
0.68
0.67
0.65
0.64
0.62
0.61
0.59
0.58
0.56
0.55
0.53
0.51
0.50
0.48
0.46
0.45
0.43
0.41
0.39
0.37
0.35
0.34
0.32
0.30
0.28
0.26
0.24
0.22
0.20
0.18
0.16
0.14
0.12
0.09
0.07
0.05
0.03
0.01
-0.01
-0.03
-0.04
-0.06
-0.08
-0.09
-0.10
-0.10
-0.10
-0.10
-0.09
-0.08
-0.07
-0.04
-0.02
0.01
0.05
0.08
0.12
0.17
0.21
0.26
0.31
0.36
0.41
0.46
0.51
0.56
0.62
0.67
0.72
0.77
0.82
0.87
0.92
0.97
1.01
1.06
1.10
1.14
1.18
1.21
1.25
1.28
1.31
1.34
1.36
1.38
1.40
1.42
1.44
1.45
1.46
1.48
1.48
1.49
1.50
1.50
1.50
1.50
1.50
1.50
1.49
1.49
1.48
1.48
1.47
1.46
1.45
1.44
1.43
1.41
1.40
1.39
1.37
1.36
1.34
1.33
1.31
1.29
1.28
1.26
1.24
1.22
1.20
1.18
1.16
1.14
1.12
1.10
1.08
1.06
1.04
1.02
1.00
0.98
0.95
0.93
0.91
0.89
0.86
0.84
0.82
0.80
0.77
0.75
0.72
0.70
0.68
0.65
0.63
0.60
0.58
0.55
0.53
0.50
0.47
0.45
0.42
0.40
0.37
0.34
0.32
0.29
0.26
0.23
0.21
0.18
0.15
0.12
0.10
0.07
0.04
0.02
-0.01
-0.03
-0.05
-0.07
-0.08
-0.09
-0.10
-0.10
-0.09
-0.08
-0.06
-0.03
0.00
0.04
0.09
0.14
0.19
0.25
0.31
0.38
0.45
0.51
0.58
0.65
0.72
0.79
0.86
0.93
0.99
1.05
1.11
1.17
1.23
1.28
1.33
1.38
1.42
1.46
1.50
1.54
1.57
1.60
1.62
1.64
1.67
1.68
1.70
1.71
1.72
1.73
1.74
1.74
1.75
1.75
1.75
1.74
1.74
1.74
1.73
1.72
1.72
1.71
1.70
1.69
1.68
1.66
1.65
1.64
1.62
1.61
1.60
1.58
1.56
1.55
1.53
1.51
1.49
1.48
1.46
1.44
1.42
1.40
1.38
1.36
1.34
1.32
1.30
1.28
1.25
1.23
1.21
1.19
1.17
1.14
1.12
1.10
1.07
1.05
1.03
1.00
0.98
0.95
0.93
0.90
0.87
0.85
0.82
0.79
0.77
0.74
0.71
0.68
0.65
0.62
0.60
0.57
0.53
0.50
0.47
0.44
0.41
0.38
0.34
0.31
0.28
0.24
0.21
0.18
0.14
0.11
0.08
0.05
0.03
0.00
-0.02
-0.04
-0.05
-0.06
-0.05
-0.05
-0.03
-0.01
0.03
0.07
0.11
0.17
0.23
0.29
0.36
0.43
0.50
0.57
0.65
0.72
0.80
0.87
0.94
1.01
1.08
1.14
1.20
1.26
1.32
1.37
1.42
1.46
1.50
1.54
1.58
1.61
1.64
1.66
1.69
1.71
1.73
1.74
1.76
1.77
1.78
1.78
1.79
1.79
1.80
1.80
1.80
1.80
1.79
1.79
1.79
1.78
1.77
1.77
1.76
1.75
1.74
1.73
1.72
1.71
1.70
1.69
1.68
1.66
1.65
1.64
1.62
1.61
1.60
1.58
1.57
1.55
1.54
1.52
1.51
1.49
1.48
1.46
1.44
1.43
1.41
1.39
1.38
1.36
1.34
1.32
1.31
1.29
1.27
1.25
1.23
1.21
1.19
1.17
1.15
1.13
1.11
1.09
1.07
1.05
1.02
1.00
0.98
0.96
0.93
0.91
0.88
0.86
0.83
0.81
0.78
0.75
0.73
0.70
0.67
0.64
0.61
0.58
0.55
0.52
0.49
0.45
0.42
0.39
0.35
0.32
0.28
0.25
0.21
0.18
0.15
0.12
0.09
0.06
0.04
0.02
0.00
-0.00
-0.00
0.00
0.02
0.04
0.07
0.11
0.15
0.20
0.26
0.31
0.38
0.44
0.50
0.56
0.63
0.68
0.74
0.80
0.85
0.90
0.95
0.99
1.04
1.07
1.11
1.14
1.17
1.20
1.23
1.25
1.27
1.29
1.31
1.33
1.34
1.35
1.36
1.37
1.38
1.39
1.39
1.40
1.40
1.40
1.41
1.41
1.41
1.41
1.41
1.41
1.40
1.40
1.40
1.40
1.39
1.39
1.38
1.38
1.38
1.37
1.37
1.36
1.35
1.35
1.34
1.34
1.33
1.32
1.32
1.31
1.30
1.29
1.29
1.28
1.27
1.26
1.25
1.24
1.24
1.23
1.22
1.21
1.20
1.19
1.18
1.17
1.16
1.14
1.13
1.12
1.11
1.10
1.08
1.07
1.06
1.04
1.03
1.02
1.00
0.99
0.97
0.95
0.94
0.92
0.90
0.89
0.87
0.85
0.83
0.81
0.79
0.77
0.74
0.72
0.70
0.67
0.65
0.62
0.59
0.57
0.54
0.51
0.48
0.45
0.41
0.38
0.35
0.32
0.28
0.25
0.21
0.18
0.14
0.11
0.08
0.05
0.02
-0.00
-0.02
-0.03
-0.04
-0.04
-0.04
-0.03
-0.01
0.02
0.05
0.09
0.13
0.18
0.22
0.27
0.33
0.38
0.43
0.48
0.53
0.58
0.63
0.67
0.72
0.76
0.80
0.83
0.87
0.90
0.93
0.96
0.99
1.02
1.04
1.06
1.08
1.10
1.12
1.13
1.15
1.16
1.17
1.19
1.20
1.20
1.21
1.22
1.23
1.23
1.23
1.24
1.24
1.24
1.25
1.25
1.25
1.25
1.25
1.25
1.25
1.24
1.24
1.24
1.24
1.24
1.23
1.23
1.22
1.22
1.22
1.21
1.21
1.20
1.20
1.19
1.18
1.18
1.17
1.16
1.16
1.15
1.14
1.14
1.13
1.12
1.11
1.10
1.10
1.09
1.08
1.07
1.06
1.05
1.04
1.03
1.02
1.01
1.00
0.98
0.97
0.96
0.95
0.94
0.92
0.91
0.90
0.88
0.87
0.85
0.84
0.82
0.80
0.79
0.77
0.75
0.73
0.71
0.69
0.67
0.65
0.63
0.61
0.58
0.56
0.53
0.51
0.48
0.45
0.42
0.39
0.36
0.33
0.29
0.26
0.22
0.18
0.14
0.10
0.06
0.03
-0.01
-0.05
-0.08
-0.11
-0.14
-0.16
-0.18
-0.19
-0.19
-0.19
-0.18
-0.16
-0.14
-0.10
-0.06
-0.02
0.03
0.09
0.15
0.22
0.28
0.35
0.42
0.50
0.57
0.64
0.71
0.77
0.84
0.91
0.97
1.03
1.09
1.15
1.20
1.25
1.30
1.35
1.39
1.43
1.47
1.51
1.54
1.57
1.60
1.63
1.66
1.68
1.70
1.72
1.74
1.76
1.77
1.78
1.80
1.81
1.82
1.82
1.83
1.83
1.84
1.84
1.84
1.84
1.84
1.83
1.83
1.83
1.82
1.82
1.81
1.80
1.79
1.78
1.77
1.76
1.75
1.74
1.72
1.71
1.70
1.68
1.66
1.65
1.63
1.61
1.60
1.58
1.56
1.54
1.52
1.50
1.48
1.46
1.44
1.41
1.39
1.37
1.35
1.32
1.30
1.27
1.25
1.22
1.20
1.17
1.15
1.12
1.10
1.07
1.04
1.02
0.99
0.96
0.94
0.91
0.88
0.85
0.82
0.80
0.77
0.74
0.71
0.68
0.65
0.62
0.58
0.55
0.52
0.49
0.45
0.42
0.38
0.35
0.31
0.27
0.23
0.19
0.15
0.11
0.07
0.03
-0.02
-0.06
-0.10
-0.14
-0.19
-0.22
-0.26
-0.30
-0.33
-0.36
-0.38
-0.40
-0.42
-0.42
-0.43
-0.42
-0.41
-0.39
-0.36
-0.32
-0.28
-0.23
-0.17
-0.11
-0.04
0.04
0.12
0.20
0.29
0.38
0.47
0.57
0.67
0.76
0.86
0.96
1.06
1.15
1.25
1.34
1.43
1.52
1.61
1.70
1.78
1.86
1.94
2.01
2.09
2.16
2.22
2.29
2.35
2.41
2.46
2.51
2.56
2.61
2.65
2.69
2.73
2.76
2.79
2.82
2.84
2.87
2.88
2.90
2.91
2.92
2.93
2.93
2.93
2.93
2.92
2.91
2.90
2.89
2.87
2.85
2.82
2.80
2.77
2.74
2.70
2.66
2.62
2.58
2.53
2.49
2.44
2.38
2.33
2.27
2.22
2.16
2.09
2.03
1.97
1.90
1.84
1.77
1.71
1.64
1.57
1.50
1.44
1.37
1.30
1.23
1.17
1.10
1.04
0.97
0.91
0.85
0.79
0.72
0.66
0.61
0.55
0.49
0.43
0.38
0.32
0.27
0.21
0.16
0.10
0.05
-0.00
-0.05
-0.11
-0.16
-0.21
-0.26
-0.31
-0.36
-0.41
-0.46
-0.51
-0.56
-0.61
-0.65
-0.70
-0.75
-0.79
-0.84
-0.88
-0.92
-0.96
-1.00
-1.03
-1.07
-1.10
-1.12
-1.15
-1.17
-1.18
-1.20
-1.20
-1.21
-1.21
-1.20
-1.19
-1.17
-1.15
-1.12
-1.08
-1.04
-1.00
-0.95
-0.89
-0.83
-0.76
-0.68
-0.60
-0.52
-0.43
-0.34
-0.24
-0.14
-0.03
0.08
0.19
0.31
0.43
0.55
0.66
0.78
0.90
1.02
1.14
1.26
1.37
1.47
1.58
1.67
1.77
1.85
1.93
1.99
2.05
2.10
2.14
2.17
2.19
2.20
2.20
2.19
2.17
2.14
2.10
2.05
1.99
1.93
1.87
1.79
1.72
1.64
1.56
1.48
1.39
1.31
1.22
1.14
1.06
0.98
0.90
0.82
0.74
0.66
0.59
0.52
0.45
0.38
0.32
0.25
0.19
0.13
0.08
0.02
-0.03
-0.07
-0.12
-0.16
-0.20
-0.23
-0.26
-0.29
-0.32
-0.34
-0.36
-0.37
-0.38
-0.39
-0.40
-0.41
-0.41
-0.41
-0.41
-0.40
-0.40
-0.39
-0.38
-0.38
-0.36
-0.35
-0.34
-0.33
-0.32
-0.30
-0.29
-0.28
-0.26
-0.25
-0.24
-0.22
-0.21
-0.20
-0.19
-0.18
-0.17
-0.16
-0.15
-0.15
-0.14
-0.14
-0.13
-0.13
-0.13
-0.13
-0.13
-0.13
-0.13
-0.13
-0.14
-0.14
-0.14
-0.15
-0.15
-0.16
-0.16
-0.17
-0.18
-0.18
-0.19
-0.20
-0.20
-0.21
-0.21
-0.22
-0.22
-0.23
-0.23
-0.23
-0.23
-0.22
-0.22
-0.21
-0.20
-0.19
-0.18
-0.16
-0.14
-0.11
-0.08
-0.05
-0.01
0.04
0.08
0.14
0.19
0.24
0.30
0.36
0.41
0.46
0.50
0.54
0.57
0.59
0.61
0.62
0.62
0.62
0.61
0.60
0.58
0.56
0.54
0.51
0.49
0.46
0.43
0.39
0.36
0.33
0.30
0.27
0.24
0.21
0.18
0.16
0.13
0.11
0.08
0.06
0.04
0.03
0.01
-0.00
-0.01
-0.02
-0.03
-0.04
-0.04
-0.04
-0.04
-0.04
-0.03
-0.03
-0.02
-0.01
0.00
0.02
0.03
0.05
0.06
0.08
0.10
0.12
0.13
0.15
0.17
0.19
0.21
0.23
0.25
0.27
0.29
0.31
0.32
0.34
0.36
0.37
0.39
0.40
0.41
0.42
0.43
0.44
0.45
0.46
0.46
0.47
0.47
0.47
0.47
0.47
0.47
0.47
0.47
0.47
0.47
0.46
0.46
0.45
0.44
0.44
0.43
0.42
0.41
0.40
0.40
0.39
0.38
0.36
0.35
0.34
0.33
0.32
0.31
0.29
0.28
0.27
0.26
0.24
0.23
0.22
0.20
0.19
0.18
0.16
0.15
0.14
0.13
0.11
0.10
0.09
0.08
0.07
0.06
0.05
0.04
0.03
0.02
0.01
0.01
0.00
-0.00
-0.00
-0.00
0.00
0.01
0.01
0.02
0.03
0.04
0.06
0.07
0.09
0.11
0.12
0.14
0.15
0.16
0.18
0.19
0.20
0.20
0.21
0.22
0.22
0.22
0.22
0.22
0.22
0.21
0.21
0.20
0.19
0.17
0.16
0.14
0.12
0.10
0.07
0.04
0.01
-0.03
-0.07
-0.11
-0.16
-0.21
-0.26
-0.32
-0.37
-0.44
-0.50
-0.57
-0.64
-0.71
-0.79
-0.86
-0.94
-1.02
-1.10
-1.18
-1.26
-1.34
-1.43
-1.51
-1.59
-1.67
-1.75
-1.82
-1.90
-1.97
-2.04
-2.11
-2.18
-2.25
-2.31
-2.37
-2.43
-2.48
-2.53
-2.58
-2.63
-2.67
-2.71
-2.75
-2.78
-2.81
-2.84
-2.87
-2.89
-2.91
-2.93
-2.95
-2.96
-2.97
-2.98
-2.99
-2.99
-2.99
-2.99
-2.99
-2.98
-2.98
-2.97
-2.96
-2.94
-2.93
-2.91
-2.90
-2.88
-2.85
-2.83
-2.81
-2.78
-2.75
-2.72
-2.69
-2.66
-2.62
-2.59
-2.55
-2.51
-2.46
-2.42
-2.37
-2.33
-2.28
-2.22
-2.17
-2.11
-2.05
-1.99
-1.93
-1.86
-1.79
-1.72
-1.64
-1.56
-1.48
-1.39
-1.31
-1.21
-1.12
-1.02
-0.92
-0.81
-0.70
-0.59
-0.48
-0.36
-0.24
-0.12
-0.01
0.11
0.23
0.35
0.46
0.56
0.66
0.74
0.82
0.88
0.92
0.95
0.96
0.94
0.90
0.84
0.77
0.67
0.56
0.43
0.29
0.15
-0.01
-0.17
-0.33
-0.50
-0.68
-0.86
-1.04
-1.22
-1.41
-1.60
-1.79
-1.98
-2.17
-2.37
-2.56
-2.75
-2.93
-3.12
-3.30
-3.48
-3.65
-3.81
-3.97
-4.12
-4.26
-4.40
-4.52
-4.64
-4.75
-4.85
-4.94
-5.02
-5.09
-5.15
-5.20
-5.25
-5.28
-5.31
-5.33
-5.35
-5.35
-5.35
-5.34
-5.33
-5.31
-5.28
-5.25
-5.22
-5.18
-5.13
-5.09
-5.03
-4.98
-4.92
-4.86
-4.80
-4.73
-4.67
-4.60
-4.53
-4.46
-4.39
-4.31
-4.24
-4.16
-4.09
-4.01
-3.93
-3.86
-3.78
-3.70
-3.63
-3.55
-3.47
-3.40
-3.32
-3.25
-3.17
-3.10
-3.02
-2.95
-2.88
-2.81
-2.73
-2.66
-2.59
-2.53
-2.46
-2.39
-2.32
-2.26
-2.19
-2.12
-2.06
-2.00
-1.93
-1.87
-1.81
-1.75
-1.69
-1.63
-1.57
-1.52
-1.46
-1.40
-1.35
-1.29
-1.24
-1.18
-1.13
-1.08
-1.02
-0.97
-0.92
-0.87
-0.82
-0.77
-0.72
-0.67
-0.62
-0.58
-0.53
-0.48
-0.44
-0.39
-0.34
-0.30
-0.25
-0.21
-0.17
-0.12
-0.08
-0.04
0.01
0.05
0.09
0.13
0.17
0.21
0.25
0.29
0.33
0.37
0.40
0.44
0.47
0.51
0.54
0.58
0.61
0.64
0.67
0.70
0.73
0.76
0.78
0.81
0.83
0.85
0.87
0.89
0.90
0.91
0.92
0.92
0.92
0.92
0.91
0.90
0.88
0.86
0.83
0.80
0.75
0.70
0.64
0.57
0.49
0.40
0.30
0.20
0.08
-0.04
-0.17
-0.31
-0.45
-0.59
-0.74
-0.89
-1.04
-1.18
-1.33
-1.48
-1.62
-1.76
-1.90
-2.03
-2.15
-2.27
-2.38
-2.49
-2.59
-2.67
-2.76
-2.83
-2.90
-2.96
-3.01
-3.05
-3.08
-3.11
-3.13
-3.15
-3.16
-3.16
-3.16
-3.15
-3.14
-3.12
-3.10
-3.07
-3.05
-3.02
-2.98
-2.95
-2.91
-2.87
-2.83
-2.79
-2.74
-2.70
-2.66
-2.61
-2.57
-2.52
-2.47
-2.43
-2.38
-2.34
-2.29
-2.25
-2.20
-2.16
-2.12
-2.07
-2.03
-1.99
-1.95
-1.91
-1.87
-1.83
-1.79
-1.76
-1.72
-1.68
-1.65
-1.61
-1.58
-1.55
-1.51
-1.48
-1.45
-1.42
-1.39
-1.36
-1.33
-1.30
-1.27
-1.24
-1.22
-1.19
-1.16
-1.14
-1.11
-1.09
-1.06
-1.04
-1.01
-0.99
-0.96
-0.94
-0.92
-0.89
-0.87
-0.85
-0.82
-0.80
-0.78
-0.76
-0.73
-0.71
-0.69
-0.67
-0.64
-0.62
-0.60
-0.57
-0.55
-0.53
-0.51
-0.48
-0.46
-0.44
-0.41
-0.39
-0.37
-0.34
-0.32
-0.29
-0.27
-0.24
-0.22
-0.19
-0.17
-0.14
-0.12
-0.09
-0.06
-0.04
-0.01
0.02
0.05
0.07
0.10
0.13
0.16
0.19
0.22
0.25
0.28
0.31
0.34
0.37
0.40
0.43
0.46
0.49
0.52
0.56
0.59
0.62
0.65
0.68
0.71
0.74
0.77
0.80
0.83
0.86
0.89
0.92
0.94
0.97
0.99
1.01
1.03
1.05
1.07
1.08
1.10
1.10
1.11
1.11
1.11
1.10
1.09
1.08
1.06
1.03
1.00
0.96
0.91
0.86
0.80
0.74
0.66
0.58
0.50
0.40
0.30
0.20
0.09
-0.03
-0.14
-0.26
-0.39
-0.51
-0.64
-0.77
-0.90
-1.03
-1.16
-1.30
-1.43
-1.56
-1.69
-1.82
-1.94
-2.06
-2.19
-2.31
-2.42
-2.54
-2.65
-2.76
-2.86
-2.96
-3.06
-3.15
-3.23
-3.32
-3.40
-3.47
-3.54
-3.61
-3.67
-3.72
-3.77
-3.82
-3.86
-3.90
-3.93
-3.96
-3.98
-4.00
-4.02
-4.03
-4.04
-4.04
-4.04
-4.04
-4.03
-4.02
-4.01
-4.00
-3.98
-3.96
-3.94
-3.92
-3.89
-3.86
-3.83
-3.80
-3.77
-3.73
-3.70
-3.66
-3.62
-3.58
-3.54
-3.50
-3.45
-3.41
-3.36
-3.32
-3.27
-3.23
-3.18
-3.13
-3.08
-3.04
-2.99
-2.94
-2.89
-2.84
-2.79
-2.74
-2.69
-2.63
-2.58
-2.53
-2.48
-2.43
-2.37
-2.32
-2.27
-2.21
-2.16
-2.10
-2.05
-1.99
-1.94
-1.88
-1.83
-1.77
-1.71
-1.65
-1.59
-1.54
-1.48
-1.42
-1.36
-1.29
-1.23
-1.17
-1.11
-1.04
-0.98
-0.91
-0.85
-0.78
-0.71
-0.65
-0.58
-0.51
-0.44
-0.37
-0.31
-0.24
-0.17
-0.10
-0.04
0.03
0.09
0.15
0.21
0.27
0.32
0.36
0.40
0.43
0.46
0.48
0.48
0.48
0.47
0.44
0.40
0.35
0.28
0.21
0.12
0.03
-0.07
-0.18
-0.29
-0.40
-0.52
-0.64
-0.76
-0.88
-1.00
-1.11
-1.23
-1.34
-1.44
-1.55
-1.64
-1.74
-1.82
-1.91
-1.99
-2.06
-2.12
-2.19
-2.24
-2.29
-2.33
-2.37
-2.40
-2.43
-2.45
-2.46
-2.47
-2.48
-2.47
-2.47
-2.45
-2.44
-2.41
-2.39
-2.36
-2.32
-2.28
-2.24
-2.19
-2.14
-2.09
-2.03
-1.97
-1.91
-1.85
-1.79
-1.72
-1.65
-1.58
-1.51
-1.44
-1.37
-1.30
-1.23
-1.16
-1.09
-1.02
-0.95
-0.88
-0.81
-0.74
-0.67
-0.60
-0.53
-0.47
-0.40
-0.34
-0.28
-0.21
-0.15
-0.09
-0.04
0.02
0.08
0.13
0.19
0.24
0.29
0.34
0.39
0.44
0.49
0.54
0.58
0.62
0.67
0.71
0.75
0.79
0.83
0.86
0.90
0.93
0.96
0.99
1.02
1.05
1.07
1.10
1.12
1.14
1.15
1.17
1.18
1.18
1.19
1.19
1.19
1.18
1.17
1.16
1.14
1.12
1.09
1.05
1.01
0.97
0.91
0.85
0.78
0.71
0.63
0.54
0.44
0.34
0.23
0.11
-0.01
-0.13
-0.26
-0.39
-0.51
-0.64
-0.76
-0.87
-0.98
-1.09
-1.18
-1.26
-1.32
-1.37
-1.41
-1.42
-1.42
-1.40
-1.37
-1.33
-1.27
-1.21
-1.13
-1.05
-0.95
-0.86
-0.75
-0.64
-0.52
-0.40
-0.28
-0.15
-0.01
0.13
0.28
0.42
0.58
0.73
0.89
1.06
1.22
1.39
1.56
1.73
1.89
2.06
2.23
2.40
2.56
2.72
2.87
3.02
3.17
3.31
3.44
3.57
3.68
3.80
3.90
4.00
4.08
4.16
4.23
4.29
4.34
4.39
4.42
4.45
4.46
4.47
4.47
4.46
4.44
4.41
4.38
4.34
4.29
4.23
4.17
4.09
4.02
3.93
3.84
3.75
3.65
3.54
3.43
3.32
3.20
3.08
2.95
2.82
2.69
2.55
2.42
2.28
2.14
2.00
1.85
1.71
1.56
1.42
1.27
1.13
0.98
0.84
0.69
0.55
0.41
0.27
0.13
-0.01
-0.15
-0.29
-0.42
-0.55
-0.68
-0.81
-0.93
-1.06
-1.18
-1.30
-1.41
-1.52
-1.63
-1.74
-1.85
-1.95
-2.05
-2.14
-2.24
-2.33
-2.41
-2.50
-2.58
-2.65
-2.73
-2.80
-2.86
-2.92
-2.98
-3.04
-3.09
-3.14
-3.18
-3.22
-3.26
-3.29
-3.32
-3.34
-3.36
-3.38
-3.39
-3.39
-3.40
-3.39
-3.39
-3.37
-3.36
-3.34
-3.31
-3.28
-3.24
-3.20
-3.16
-3.10
-3.05
-2.99
-2.92
-2.85
-2.78
-2.70
-2.61
-2.52
-2.43
-2.33
-2.23
-2.12
-2.01
-1.90
-1.78
-1.65
-1.53
-1.40
-1.27
-1.13
-0.99
-0.85
-0.71
-0.57
-0.43
-0.29
-0.14
-0.01
0.13
0.25
0.37
0.49
0.58
0.67
0.74
0.80
0.84
0.86
0.86
0.84
0.81
0.76
0.70
0.62
0.54
0.44
0.33
0.21
0.09
-0.03
-0.16
-0.29
-0.43
-0.56
-0.69
-0.82
-0.95
-1.07
-1.20
-1.32
-1.43
-1.55
-1.66
-1.76
-1.87
-1.97
-2.06
-2.15
-2.24
-2.33
-2.41
-2.49
-2.56
-2.64
-2.71
-2.77
-2.84
-2.90
-2.96
-3.01
-3.07
-3.12
-3.17
-3.22
-3.26
-3.31
-3.35
-3.39
-3.43
-3.47
-3.50
-3.54
-3.57
-3.60
-3.63
-3.66
-3.69
-3.72
-3.74
-3.77
-3.79
-3.81
-3.84
-3.86
-3.88
-3.90
-3.92
-3.94
-3.95
-3.97
-3.99
-4.00
-4.02
-4.03
-4.05
-4.06
-4.07
-4.09
-4.10
-4.11
-4.12
-4.13
-4.14
-4.15
-4.15
-4.16
-4.17
-4.17
-4.18
-4.18
-4.19
-4.19
-4.19
-4.19
-4.19
-4.19
-4.19
-4.19
-4.19
-4.18
-4.18
-4.17
-4.16
-4.15
-4.14
-4.13
-4.12
-4.11
-4.09
-4.07
-4.06
-4.04
-4.01
-3.99
-3.96
-3.94
-3.91
-3.88
-3.84
-3.81
-3.77
-3.73
-3.69
-3.65
-3.60
-3.55
-3.50
-3.45
-3.39
-3.34
-3.28
-3.21
-3.15
-3.08
-3.01
-2.94
-2.86
-2.78
-2.70
-2.62
-2.54
-2.45
-2.36
-2.27
-2.18
-2.09
-1.99
-1.90
-1.80
-1.70
-1.60
-1.50
-1.40
-1.30
-1.20
-1.10
-1.00
-0.90
-0.80
-0.71
-0.61
-0.52
-0.42
-0.33
-0.25
-0.16
-0.08
-0.00
0.07
0.14
0.20
0.26
0.32
0.37
0.41
0.44
0.47
0.48
0.49
0.49
0.48
0.46
0.42
0.38
0.32
0.26
0.18
0.09
-0.00
-0.11
-0.22
-0.34
-0.46
-0.59
-0.72
-0.86
-1.00
-1.13
-1.27
-1.41
-1.54
-1.68
-1.81
-1.94
-2.07
-2.19
-2.31
-2.43
-2.54
-2.65
-2.76
-2.86
-2.95
-3.05
-3.14
-3.22
-3.30
-3.38
-3.46
-3.53
-3.59
-3.66
-3.71
-3.77
-3.82
-3.87
-3.91
-3.96
-3.99
-4.03
-4.06
-4.09
-4.11
-4.13
-4.15
-4.16
-4.17
-4.18
-4.18
-4.18
-4.18
-4.17
-4.16
-4.14
-4.12
-4.10
-4.07
-4.04
-4.00
-3.96
-3.92
-3.87
-3.82
-3.76
-3.70
-3.64
-3.57
-3.50
-3.42
-3.34
-3.26
-3.17
-3.09
-2.99
-2.90
-2.80
-2.70
-2.60
-2.50
-2.40
-2.29
-2.19
-2.09
-1.98
-1.88
-1.78
-1.68
-1.58
-1.49
-1.39
-1.30
-1.21
-1.13
-1.05
-0.97
-0.89
-0.82
-0.75
-0.68
-0.62
-0.56
-0.50
-0.45
-0.40
-0.35
-0.30
-0.26
-0.22
-0.18
-0.15
-0.12
-0.08
-0.06
-0.03
-0.00
0.02
0.04
0.06
0.08
0.10
0.11
0.13
0.14
0.15
0.17
0.18
0.19
0.19
0.20
0.21
0.21
0.22
0.22
0.23
0.23
0.23
0.23
0.23
0.23
0.23
0.23
0.22
0.22
0.21
0.21
0.20
0.19
0.18
0.16
0.15
0.13
0.11
0.08
0.05
0.02
-0.01
-0.05
-0.09
-0.13
-0.18
-0.23
-0.28
-0.33
-0.39
-0.45
-0.51
-0.56
-0.62
-0.68
-0.73
-0.78
-0.83
-0.87
-0.91
-0.95
-0.97
-1.00
-1.02
-1.04
-1.05
-1.05
-1.06
-1.05
-1.05
-1.04
-1.03
-1.02
-1.01
-0.99
-0.98
-0.96
-0.94
-0.92
-0.90
-0.88
-0.86
-0.84
-0.82
-0.80
-0.78
-0.76
-0.74
-0.72
-0.70
-0.68
-0.66
-0.64
-0.62
-0.61
-0.59
-0.57
-0.55
-0.54
-0.52
-0.51
-0.49
-0.48
-0.46
-0.45
-0.43
-0.42
-0.41
-0.39
-0.38
-0.37
-0.36
-0.34
-0.33
-0.32
-0.31
-0.30
-0.29
-0.28
-0.27
-0.26
-0.25
-0.24
-0.24
-0.23
-0.22
-0.21
-0.20
-0.20
-0.19
-0.18
-0.17
-0.17
-0.16
-0.15
-0.15
-0.14
-0.14
-0.13
-0.12
-0.12
-0.11
-0.11
-0.10
-0.10
-0.09
-0.09
-0.08
-0.08
-0.08
-0.07
-0.07
-0.06
-0.06
-0.06
-0.05
-0.05
-0.05
-0.04
-0.04
-0.04
-0.03
-0.03
-0.03
-0.03
-0.02
-0.02
-0.02
-0.02
-0.01
-0.01
-0.01
-0.01
-0.01
-0.00
-0.00
0.00
0.00
0.00
0.01
0.01
0.01
0.01
0.01
0.01
0.01
0.01
0.02
0.02
0.02
0.02
0.02
0.02
0.02
0.02
0.02
0.02
0.02
0.03
0.03
0.03
0.03
0.03
0.03
0.03
0.03
0.03
0.03
0.03
0.03
0.03
0.03
0.03
0.03
0.03
0.03
0.03
0.03
0.03
0.03
0.03
0.03
0.04
0.04
0.04
0.04
0.04
0.04
0.04
0.04
0.04
0.04
0.04
0.04
0.04
0.04
0.04
0.04
0.04
0.04
0.04
0.04
0.04
0.04
0.04
0.04
0.03
0.03
0.03
0.03
0.02
0.02
0.01
0.01
-0.00
-0.01
-0.02
-0.03
-0.04
-0.05
-0.06
-0.08
-0.09
-0.11
-0.13
-0.15
-0.17
-0.19
-0.21
-0.23
-0.25
-0.27
-0.30
-0.32
-0.34
-0.36
-0.39
-0.41
-0.43
-0.45
-0.47
-0.49
-0.51
-0.53
-0.55
-0.57
-0.58
-0.60
-0.61
-0.63
-0.64
-0.65
-0.67
-0.68
-0.69
-0.70
-0.71
-0.71
-0.72
-0.73
-0.73
-0.74
-0.75
-0.75
-0.75
-0.76
-0.76
-0.76
-0.76
-0.76
-0.77
-0.77
-0.77
-0.77
-0.76
-0.76
-0.76
-0.76
-0.76
-0.76
-0.75
-0.75
-0.75
-0.75
-0.74
-0.74
-0.74
-0.73
-0.73
-0.72
-0.72
-0.71
-0.71
-0.70
-0.70
-0.69
-0.69
-0.68
-0.68
-0.67
-0.67
-0.66
-0.66
-0.65
-0.64
-0.64
-0.63
-0.63
-0.62
-0.61
-0.61
-0.60
-0.59
-0.59
-0.58
-0.58
-0.57
-0.56
-0.56
-0.55
-0.54
-0.53
-0.53
-0.52
-0.51
-0.51
-0.50
-0.49
-0.49
-0.48
-0.47
-0.46
-0.46
-0.45
-0.44
-0.44
-0.43
-0.42
-0.41
-0.41
-0.40
-0.39
-0.39
-0.38
-0.37
-0.37
-0.36
-0.35
-0.34
-0.34
-0.33
-0.32
-0.32
-0.31
-0.30
-0.30
-0.29
-0.28
-0.28
-0.27
-0.26
-0.26
-0.25
-0.25
-0.24
-0.23
-0.23
-0.22
-0.22
-0.21
-0.20
-0.20
-0.19
-0.19
-0.18
-0.18
-0.17
-0.17
-0.16
-0.15
-0.15
-0.14
-0.14
-0.14
-0.13
-0.13
-0.12
-0.12
-0.11
-0.11
-0.10
-0.10
-0.10
-0.09
-0.09
-0.08
-0.08
-0.08
-0.07
-0.07
-0.06
-0.06
-0.06
-0.05
-0.05
-0.05
-0.04
-0.04
-0.04
-0.04
-0.03
-0.03
-0.03
-0.02
-0.02
-0.02
-0.01
-0.01
-0.01
-0.01
-0.00
-0.00
0.00
0.01
0.01
0.01
0.01
0.02
0.02
0.02
0.02
0.03
0.03
0.03
0.03
0.04
0.04
0.04
0.04
0.04
0.04
0.04
0.04
0.04
0.03
0.03
0.02
0.01
-0.00
-0.01
-0.03
-0.04
-0.06
-0.08
-0.11
-0.13
-0.16
-0.19
-0.22
-0.26
-0.29
-0.33
-0.37
-0.41
-0.45
-0.49
-0.54
-0.58
-0.62
-0.67
-0.71
-0.75
-0.80
-0.84
-0.88
-0.93
-0.97
-1.01
-1.05
-1.09
-1.13
-1.16
-1.20
-1.23
-1.27
-1.30
-1.33
-1.36
-1.39
-1.42
-1.44
-1.47
-1.49
-1.51
-1.53
-1.55
-1.57
-1.59
-1.61
-1.62
-1.64
-1.65
-1.66
-1.67
-1.68
-1.69
-1.70
-1.70
-1.71
-1.71
-1.72
-1.72
-1.72
-1.72
-1.72
-1.72
-1.72
-1.72
-1.71
-1.71
-1.70
-1.70
-1.69
-1.68
-1.67
-1.66
-1.65
-1.64
-1.63
-1.62
-1.61
-1.59
-1.58
-1.56
-1.55
-1.53
-1.52
-1.50
-1.48
-1.47
-1.45
-1.43
-1.41
-1.39
-1.37
-1.35
-1.33
-1.31
-1.29
-1.27
-1.25
-1.23
-1.21
-1.19
-1.17
-1.14
-1.12
-1.10
-1.08
-1.06
-1.04
-1.02
-0.99
-0.97
-0.95
-0.93
-0.91
-0.89
-0.87
-0.85
-0.83
-0.81
-0.79
-0.77
-0.75
-0.73
-0.71
-0.69
-0.67
-0.65
-0.63
-0.62
-0.60
-0.58
-0.56
-0.55
-0.53
-0.52
-0.50
-0.48
-0.47
-0.45
-0.44
-0.42
-0.41
-0.39
-0.38
-0.37
-0.35
-0.34
-0.32
-0.31
-0.30
-0.29
-0.27
-0.26
-0.25
-0.24
-0.22
-0.21
-0.20
-0.19
-0.17
-0.16
-0.15
-0.14
-0.13
-0.11
-0.10
-0.09
-0.08
-0.07
-0.05
-0.04
-0.03
-0.02
-0.01
0.00
0.01
0.02
0.03
0.04
0.05
0.06
0.06
0.06
0.06
0.06
0.06
0.05
0.05
0.04
0.03
0.01
-0.01
-0.02
-0.04
-0.07
-0.09
-0.11
-0.14
-0.16
-0.19
-0.21
-0.24
-0.26
-0.28
-0.30
-0.32
-0.34
-0.35
-0.37
-0.38
-0.39
-0.40
-0.41
-0.42
-0.42
-0.43
-0.43
-0.43
-0.43
-0.43
-0.43
-0.43
-0.43
-0.43
-0.42
-0.42
-0.42
-0.41
-0.41
-0.41
-0.40
-0.40
-0.40
-0.39
-0.39
-0.38
-0.38
-0.38
-0.37
-0.37
-0.36
-0.36
-0.36
-0.35
-0.35
-0.34
-0.34
-0.34
-0.33
-0.33
-0.32
-0.32
-0.32
-0.31
-0.31
-0.30
-0.30
-0.30
-0.29
-0.29
-0.28
-0.28
-0.28
-0.27
-0.27
-0.26
-0.26
-0.26
-0.25
-0.25
-0.24
-0.24
-0.23
-0.23
-0.22
-0.22
-0.22
-0.21
-0.21
-0.20
-0.19
-0.19
-0.18
-0.18
-0.17
-0.16
-0.16
-0.15
-0.14
-0.14
-0.13
-0.12
-0.11
-0.11
-0.10
-0.09
-0.08
-0.07
-0.06
-0.05
-0.04
-0.03
-0.02
-0.02
-0.01
0.00
0.01
0.01
0.02
0.02
0.02
0.02
0.02
0.01
0.00
-0.01
-0.02
-0.04
-0.05
-0.08
-0.10
-0.12
-0.15
-0.18
-0.21
-0.24
-0.28
-0.31
-0.34
-0.38
-0.41
-0.45
-0.48
-0.51
-0.55
-0.58
-0.61
-0.64
-0.67
-0.70
-0.72
-0.75
-0.77
-0.80
-0.82
-0.84
-0.86
-0.88
-0.90
-0.91
-0.93
-0.95
-0.96
-0.97
-0.98
-0.99
-1.01
-1.01
-1.02
-1.03
-1.04
-1.04
-1.05
-1.05
-1.06
-1.06
-1.06
-1.06
-1.06
-1.06
-1.06
-1.06
-1.06
-1.06
-1.05
-1.05
-1.05
-1.04
-1.04
-1.03
-1.02
-1.02
-1.01
-1.00
-0.99
-0.98
-0.97
-0.96
-0.95
-0.94
-0.92
-0.91
-0.90
-0.88
-0.87
-0.85
-0.83
-0.82
-0.80
-0.78
-0.76
-0.74
-0.72
-0.70
-0.68
-0.65
-0.63
-0.60
-0.58
-0.55
-0.52
-0.49
-0.47
-0.44
-0.40
-0.37
-0.34
-0.31
-0.28
-0.25
-0.21
-0.18
-0.15
-0.12
-0.10
-0.07
-0.05
-0.03
-0.02
-0.00
0.01
0.01
0.01
0.01
0.01
-0.00
-0.01
-0.03
-0.04
-0.06
-0.08
-0.10
-0.12
-0.14
-0.16
-0.19
-0.21
-0.23
-0.26
-0.28
-0.30
-0.32
-0.34
-0.37
-0.39
-0.40
-0.42
-0.44
-0.46
-0.48
-0.49
-0.51
-0.52
-0.53
-0.55
-0.56
-0.57
-0.58
-0.59
-0.60
-0.61
-0.62
-0.63
-0.63
-0.64
-0.65
-0.65
-0.66
-0.66
-0.66
-0.67
-0.67
-0.67
-0.67
-0.67
-0.67
-0.67
-0.67
-0.67
-0.67
-0.67
-0.66
-0.66
-0.66
-0.65
-0.65
-0.64
-0.63
-0.63
-0.62
-0.61
-0.60
-0.59
-0.58
-0.57
-0.56
-0.54
-0.53
-0.51
-0.50
-0.48
-0.46
-0.45
-0.43
-0.41
-0.39
-0.36
-0.34
-0.32
-0.29
-0.27
-0.24
-0.21
-0.19
-0.16
-0.14
-0.11
-0.08
-0.06
-0.04
-0.02
-0.00
0.01
0.02
0.03
0.03
0.03
0.02
0.01
-0.01
-0.03
-0.05
-0.08
-0.11
-0.14
-0.18
-0.21
-0.25
-0.29
-0.32
-0.36
-0.40
-0.44
-0.48
-0.51
-0.55
-0.59
-0.62
-0.66
-0.69
-0.72
-0.75
-0.78
-0.81
-0.84
-0.87
-0.89
-0.92
-0.94
-0.96
-0.98
-1.00
-1.02
-1.04
-1.06
-1.08
-1.09
-1.11
-1.12
-1.14
-1.15
-1.16
-1.17
-1.18
-1.19
-1.20
-1.21
-1.22
-1.22
-1.23
-1.24
-1.24
-1.25
-1.25
-1.26
-1.26
-1.26
-1.27
-1.27
-1.27
-1.27
-1.27
-1.27
-1.27
-1.27
-1.26
-1.26
-1.26
-1.25
-1.25
-1.25
-1.24
-1.23
-1.23
-1.22
-1.21
-1.21
-1.20
-1.19
-1.18
-1.17
-1.16
-1.14
-1.13
-1.12
-1.10
-1.09
-1.07
-1.06
-1.04
-1.02
-1.00
-0.98
-0.96
-0.94
-0.92
-0.89
-0.87
-0.84
-0.81
-0.78
-0.75
-0.72
-0.69
-0.65
-0.62
-0.58
-0.54
-0.50
-0.46
-0.42
-0.38
-0.33
-0.29
-0.25
-0.21
-0.17
-0.13
-0.10
-0.07
-0.04
-0.02
-0.01
0.00
0.01
0.00
-0.00
-0.01
-0.03
-0.05
-0.07
-0.09
-0.12
-0.15
-0.18
-0.21
-0.24
-0.26
-0.29
-0.32
-0.35
-0.38
-0.41
-0.44
-0.46
-0.49
-0.51
-0.54
-0.56
-0.58
-0.60
-0.62
-0.64
-0.66
-0.68
-0.69
-0.71
-0.72
-0.74
-0.75
-0.76
-0.78
-0.79
-0.80
-0.81
-0.82
-0.83
-0.83
-0.84
-0.85
-0.86
-0.86
-0.87
-0.87
-0.88
-0.88
-0.88
-0.89
-0.89
-0.89
-0.90
-0.90
-0.90
-0.90
-0.90
-0.90
-0.90
-0.90
-0.90
-0.90
-0.89
-0.89
-0.89
-0.89
-0.88
-0.88
-0.88
-0.87
-0.87
-0.86
-0.86
-0.85
-0.84
-0.84
-0.83
-0.82
-0.81
-0.80
-0.79
-0.79
-0.77
-0.76
-0.75
-0.74
-0.73
-0.71
-0.70
-0.69
-0.67
-0.66
-0.64
-0.62
-0.60
-0.58
-0.56
-0.54
-0.52
-0.50
-0.47
-0.45
-0.42
-0.39
-0.36
-0.34
-0.31
-0.27
-0.24
-0.21
-0.18
-0.15
-0.12
-0.09
-0.07
-0.04
-0.02
-0.01
0.01
0.02
0.02
0.02
0.02
0.02
0.01
-0.00
-0.02
-0.04
-0.05
-0.07
-0.10
-0.12
-0.14
-0.16
-0.19
-0.21
-0.24
-0.26
-0.28
-0.31
-0.33
-0.35
-0.37
-0.40
-0.42
-0.43
-0.45
-0.47
-0.49
-0.51
-0.52
-0.54
-0.55
-0.57
-0.58
-0.59
-0.60
-0.61
-0.63
-0.64
-0.65
-0.65
-0.66
-0.67
-0.68
-0.69
-0.69
-0.70
-0.71
-0.71
-0.72
-0.72
-0.73
-0.73
-0.73
-0.74
-0.74
-0.74
-0.74
-0.75
-0.75
-0.75
-0.75
-0.75
-0.75
-0.75
-0.75
-0.75
-0.75
-0.75
-0.75
-0.75
-0.74
-0.74
-0.74
-0.74
-0.73
-0.73
-0.73
-0.72
-0.72
-0.71
-0.71
-0.70
-0.70
-0.69
-0.69
-0.68
-0.67
-0.66
-0.66
-0.65
-0.64
-0.63
-0.62
-0.61
-0.60
-0.59
-0.58
-0.56
-0.55
-0.54
-0.52
-0.51
-0.49
-0.47
-0.45
-0.44
-0.41
-0.39
-0.37
-0.35
-0.32
-0.30
-0.27
-0.25
-0.22
-0.19
-0.16
-0.14
-0.11
-0.09
-0.06
-0.04
-0.03
-0.01
-0.00
0.00
0.00
-0.00
-0.01
-0.02
-0.03
-0.05
-0.06
-0.08
-0.09
-0.11
-0.13
-0.14
-0.16
-0.17
-0.19
-0.20
-0.21
-0.22
-0.23
-0.25
-0.26
-0.26
-0.27
-0.28
-0.29
-0.29
-0.30
-0.31
-0.31
-0.32
-0.32
-0.32
-0.33
-0.33
-0.33
-0.33
-0.34
-0.34
-0.34
-0.34
-0.34
-0.34
-0.34
-0.34
-0.34
-0.34
-0.34
-0.34
-0.34
-0.34
-0.34
-0.33
-0.33
-0.33
-0.33
-0.33
-0.32
-0.32
-0.32
-0.32
-0.31
-0.31
-0.31
-0.31
-0.30
-0.30
-0.30
-0.29
-0.29
-0.29
-0.28
-0.28
-0.28
-0.27
-0.27
-0.26
-0.26
-0.26
-0.25
-0.25
-0.24
-0.24
-0.23
-0.23
-0.23
-0.22
-0.22
-0.21
-0.21
-0.20
-0.20
-0.19
-0.18
-0.18
-0.17
-0.17
-0.16
-0.15
-0.15
-0.14
-0.13
-0.12
-0.12
-0.11
-0.10
-0.09
-0.08
-0.07
-0.06
-0.05
-0.04
-0.03
-0.02
-0.00
0.01
0.02
0.03
0.04
0.05
0.05
0.06
0.06
0.05
0.05
0.04
0.02
0.01
-0.01
-0.03
-0.06
-0.08
-0.10
-0.13
-0.15
-0.17
-0.18
-0.20
-0.21
-0.22
-0.23
-0.23
-0.23
-0.23
-0.23
-0.23
-0.23
-0.22
-0.21
-0.21
-0.20
-0.19
-0.18
-0.17
-0.16
-0.15
-0.14
-0.13
-0.12
-0.11
-0.09
-0.08
-0.07
-0.06
-0.05
-0.04
-0.03
-0.02
-0.01
0.00
0.01
0.02
0.03
0.04
0.05
0.06
0.07
0.08
0.08
0.09
0.10
0.11
0.12
0.12
0.13
0.14
0.14
0.15
0.16
0.16
0.17
0.18
0.18
0.19
0.19
0.20
0.20
0.21
0.21
0.22
0.22
0.23
0.23
0.24
0.24
0.24
0.25
0.25
0.25
0.26
0.26
0.26
0.26
0.27
0.27
0.27
0.27
0.28
0.28
0.28
0.28
0.28
0.28
0.28
0.28
0.28
0.28
0.28
0.28
0.28
0.28
0.28
0.28
0.28
0.28
0.28
0.28
0.28
0.28
0.28
0.28
0.28
0.27
0.27
0.27
0.26
0.26
0.25
0.24
0.23
0.22
0.20
0.18
0.15
0.12
0.09
0.05
0.02
-0.02
-0.07
-0.11
-0.15
-0.19
-0.23
-0.27
-0.30
-0.33
-0.36
-0.38
-0.40
-0.41
-0.42
-0.42
-0.42
-0.41
-0.41
-0.39
-0.38
-0.36
-0.33
-0.31
-0.29
-0.26
-0.23
-0.20
-0.17
-0.14
-0.11
-0.07
-0.04
-0.01
0.02
0.05
0.09
0.12
0.15
0.18
0.21
0.24
0.26
0.29
0.32
0.35
0.37
0.40
0.42
0.45
0.47
0.49
0.51
0.53
0.56
0.58
0.59
0.61
0.63
0.65
0.67
0.68
0.70
0.71
0.73
0.74
0.75
0.77
0.78
0.79
0.80
0.81
0.82
0.83
0.84
0.85
0.85
0.86
0.87
0.87
0.88
0.88
0.89
0.89
0.89
0.89
0.89
0.89
0.89
0.89
0.89
0.89
0.89
0.88
0.88
0.88
0.87
0.86
0.86
0.85
0.84
0.83
0.82
0.81
0.80
0.79
0.77
0.76
0.75
0.73
0.71
0.70
0.68
0.66
0.64
0.62
0.60
0.58
0.56
0.53
0.50
0.48
0.44
0.41
0.37
0.33
0.29
0.24
0.19
0.14
0.08
0.02
-0.04
-0.10
-0.16
-0.22
-0.29
-0.35
-0.41
-0.47
-0.53
-0.59
-0.64
-0.68
-0.73
-0.76
-0.80
-0.82
-0.84
-0.86
-0.87
-0.87
-0.87
-0.86
-0.85
-0.83
-0.81
-0.78
-0.75
-0.72
-0.68
-0.64
-0.60
-0.55
-0.51
-0.46
-0.41
-0.36
-0.31
-0.26
-0.21
-0.16
-0.11
-0.06
-0.00
0.05
0.10
0.15
0.19
0.24
0.29
0.34
0.38
0.43
0.48
0.52
0.56
0.61
0.65
0.69
0.73
0.77
0.80
0.84
0.88
0.91
0.95
0.98
1.01
1.05
1.08
1.11
1.13
1.16
1.19
1.21
1.24
1.26
1.29
1.31
1.33
1.35
1.37
1.38
1.40
1.41
1.43
1.44
1.45
1.46
1.46
1.47
1.47
1.48
1.48
1.48
1.47
1.47
1.46
1.46
1.45
1.43
1.42
1.40
1.38
1.36
1.34
1.31
1.29
1.26
1.22
1.19
1.15
1.11
1.07
1.03
0.99
0.94
0.89
0.84
0.78
0.73
0.67
0.60
0.54
0.47
0.40
0.32
0.25
0.17
0.09
0.00
-0.08
-0.17
-0.25
-0.34
-0.43
-0.52
-0.62
-0.71
-0.80
-0.89
-0.98
-1.07
-1.16
-1.25
-1.34
-1.42
-1.50
-1.57
-1.64
-1.71
-1.77
-1.83
-1.88
-1.93
-1.96
-2.00
-2.02
-2.05
-2.06
-2.07
-2.07
-2.07
-2.06
-2.05
-2.03
-2.01
-1.98
-1.95
-1.92
-1.88
-1.84
-1.79
-1.75
-1.70
-1.65
-1.59
-1.54
-1.48
-1.42
-1.36
-1.30
-1.24
-1.17
-1.11
-1.04
-0.98
-0.91
-0.85
-0.78
-0.71
-0.65
-0.58
-0.51
-0.45
-0.38
-0.32
-0.25
-0.18
-0.12
-0.05
0.01
0.07
0.14
0.20
0.26
0.32
0.39
0.45
0.51
0.56
0.62
0.68
0.74
0.79
0.84
0.90
0.95
1.00
1.04
1.09
1.13
1.18
1.21
1.25
1.29
1.32
1.35
1.37
1.40
1.41
1.43
1.44
1.45
1.45
1.44
1.44
1.42
1.40
1.38
1.35
1.31
1.27
1.22
1.17
1.11
1.04
0.97
0.90
0.81
0.72
0.63
0.53
0.43
0.33
0.22
0.10
-0.01
-0.13
-0.25
-0.37
-0.49
-0.61
-0.73
-0.85
-0.98
-1.10
-1.22
-1.34
-1.46
-1.59
-1.71
-1.82
-1.94
-2.06
-2.17
-2.29
-2.40
-2.50
-2.61
-2.71
-2.81
-2.91
-3.00
-3.09
-3.18
-3.26
-3.33
-3.40
-3.47
-3.53
-3.58
-3.63
-3.67
-3.71
-3.74
-3.77
-3.79
-3.80
-3.81
-3.82
-3.82
-3.81
-3.80
-3.79
-3.77
-3.75
-3.72
-3.69
-3.66
-3.62
-3.58
-3.54
-3.49
-3.45
-3.39
-3.34
-3.28
-3.23
-3.17
-3.10
-3.04
-2.98
-2.91
-2.84
-2.77
-2.70
-2.63
-2.56
-2.48
-2.41
-2.34
-2.26
-2.18
-2.11
-2.03
-1.95
-1.87
-1.79
-1.71
-1.63
-1.55
-1.46
-1.38
-1.30
-1.22
-1.13
-1.05
-0.96
-0.88
-0.79
-0.71
-0.62
-0.54
-0.45
-0.37
-0.28
-0.20
-0.12
-0.03
0.05
0.13
0.21
0.28
0.36
0.43
0.50
0.56
0.62
0.67
0.72
0.76
0.80
0.82
0.83
0.84
0.83
0.81
0.77
0.72
0.66
0.58
0.49
0.39
0.27
0.15
0.02
-0.12
-0.27
-0.41
-0.56
-0.72
-0.87
-1.02
-1.17
-1.33
-1.48
-1.63
-1.77
-1.92
-2.06
-2.20
-2.34
-2.48
-2.61
-2.74
-2.87
-3.00
-3.12
-3.25
-3.37
-3.48
-3.60
-3.71
-3.82
-3.92
-4.02
-4.12
-4.21
-4.30
-4.38
-4.46
-4.53
-4.60
-4.66
-4.72
-4.77
-4.81
-4.86
-4.89
-4.92
-4.95
-4.97
-4.98
-4.99
-5.00
-5.00
-5.00
-4.99
-4.98
-4.96
-4.94
-4.92
-4.89
-4.86
-4.83
-4.79
-4.76
-4.72
-4.67
-4.62
-4.58
-4.53
-4.47
-4.42
-4.36
-4.31
-4.25
-4.19
-4.13
-4.06
-4.00
-3.93
-3.87
-3.80
-3.73
-3.67
-3.60
-3.53
-3.46
-3.39
-3.31
-3.24
-3.17
-3.10
-3.02
-2.95
-2.87
-2.80
-2.72
-2.65
-2.57
-2.49
-2.41
-2.33
-2.26
-2.18
-2.09
-2.01
-1.93
-1.85
-1.77
-1.68
-1.60
-1.51
-1.42
-1.34
-1.25
-1.16
-1.07
-0.98
-0.89
-0.79
-0.70
-0.61
-0.52
-0.43
-0.34
-0.26
-0.17
-0.10
-0.02
0.04
0.10
0.14
0.17
0.18
0.18
0.15
0.10
0.03
-0.05
-0.16
-0.28
-0.41
-0.56
-0.71
-0.86
-1.02
-1.18
-1.34
-1.50
-1.66
-1.82
-1.98
-2.14
-2.29
-2.45
-2.60
-2.75
-2.90
-3.04
-3.19
-3.33
-3.47
-3.60
-3.73
-3.86
-3.98
-4.10
-4.22
-4.33
-4.43
-4.53
-4.63
-4.72
-4.80
-4.88
-4.95
-5.02
-5.08
-5.13
-5.18
-5.22
-5.26
-5.30
-5.32
-5.35
-5.37
-5.38
-5.39
-5.39
-5.39
-5.39
-5.38
-5.37
-5.36
-5.34
-5.32
-5.30
-5.27
-5.24
-5.21
-5.17
-5.13
-5.09
-5.05
-5.01
-4.97
-4.92
-4.87
-4.82
-4.77
-4.72
-4.66
-4.61
-4.55
-4.50
-4.44
-4.38
-4.32
-4.26
-4.20
-4.14
-4.08
-4.01
-3.95
-3.89
-3.82
-3.76
-3.70
-3.63
-3.56
-3.50
-3.43
-3.37
-3.30
-3.23
-3.16
-3.10
-3.03
-2.96
-2.89
-2.82
-2.75
-2.68
-2.60
-2.53
-2.46
-2.38
-2.31
-2.23
-2.15
-2.08
-2.00
-1.92
-1.84
-1.75
-1.67
-1.59
-1.50
-1.41
-1.33
-1.24
-1.15
-1.06
-0.96
-0.87
-0.78
-0.69
-0.59
-0.50
-0.42
-0.33
-0.25
-0.17
-0.11
-0.05
-0.00
0.03
0.05
0.04
0.02
-0.03
-0.09
-0.18
-0.29
-0.42
-0.55
-0.70
-0.86
-1.01
-1.17
-1.33
-1.48
-1.63
-1.78
-1.92
-2.05
-2.18
-2.30
-2.42
-2.53
-2.63
-2.72
-2.81
-2.89
-2.97
-3.04
-3.10
-3.16
-3.21
-3.25
-3.30
-3.33
-3.37
-3.39
-3.42
-3.44
-3.46
-3.47
-3.48
-3.49
-3.50
-3.50
-3.50
-3.50
-3.50
-3.50
-3.49
-3.49
-3.48
-3.47
-3.46
-3.45
-3.43
-3.42
-3.40
-3.39
-3.37
-3.36
-3.34
-3.32
-3.30
-3.28
-3.26
-3.24
-3.22
-3.20
-3.18
-3.16
-3.13
-3.11
-3.08
-3.06
-3.03
-3.01
-2.98
-2.95
-2.92
-2.90
-2.87
-2.84
-2.81
-2.77
-2.74
-2.71
-2.68
-2.64
-2.61
-2.57
-2.54
-2.50
-2.46
-2.42
-2.38
-2.34
-2.30
-2.26
-2.22
-2.17
-2.13
-2.08
-2.04
-1.99
-1.94
-1.89
-1.84
-1.78
-1.73
-1.68
-1.62
-1.56
-1.50
-1.44
-1.38
-1.31
-1.24
-1.18
-1.11
-1.03
-0.96
-0.88
-0.81
-0.73
-0.64
-0.56
-0.48
-0.39
-0.30
-0.21
-0.12
-0.04
0.05
0.14
0.22
0.30
0.37
0.44
0.50
0.54
0.58
0.60
0.60
0.59
0.56
0.51
0.45
0.38
0.29
0.19
0.09
-0.02
-0.14
-0.26
-0.37
-0.49
-0.61
-0.72
-0.82
-0.93
-1.02
-1.11
-1.20
-1.28
-1.36
-1.43
-1.49
-1.55
-1.60
-1.65
-1.69
-1.73
-1.77
-1.80
-1.83
-1.85
-1.87
-1.89
-1.90
-1.91
-1.92
-1.93
-1.93
-1.93
-1.93
-1.93
-1.93
-1.92
-1.92
-1.91
-1.90
-1.89
-1.88
-1.87
-1.86
-1.85
-1.84
-1.82
-1.81
-1.79
-1.78
-1.76
-1.75
-1.73
-1.72
-1.70
-1.69
-1.67
-1.65
-1.64
-1.62
-1.60
-1.59
-1.57
-1.55
-1.54
-1.52
-1.50
-1.48
-1.47
-1.45
-1.43
-1.42
-1.40
-1.38
-1.37
-1.35
-1.33
-1.32
-1.30
-1.28
-1.27
-1.25
-1.23
-1.21
-1.20
-1.18
-1.16
-1.14
-1.12
-1.11
-1.09
-1.07
-1.05
-1.03
-1.01
-0.99
-0.97
-0.94
-0.92
-0.90
-0.88
-0.85
-0.83
-0.80
-0.78
-0.75
-0.72
-0.69
-0.67
-0.64
-0.60
-0.57
-0.54
-0.50
-0.47
-0.43
-0.40
-0.36
-0.32
-0.28
-0.23
-0.19
-0.15
-0.10
-0.06
-0.01
0.03
0.08
0.13
0.17
0.22
0.26
0.30
0.34
0.38
0.41
0.43
0.45
0.47
0.47
0.47
0.46
0.44
0.41
0.37
0.32
0.26
0.20
0.13
0.05
-0.04
-0.12
-0.22
-0.31
-0.41
-0.51
-0.61
-0.71
-0.81
-0.90
-1.00
-1.09
-1.18
-1.27
-1.35
-1.43
-1.51
-1.58
-1.65
-1.72
-1.78
-1.84
-1.89
-1.94
-1.99
-2.04
-2.08
-2.11
-2.15
-2.18
-2.21
-2.23
-2.26
-2.28
-2.29
-2.31
-2.32
-2.33
-2.34
-2.34
-2.35
-2.35
-2.35
-2.35
-2.35
-2.34
-2.34
-2.33
-2.32
-2.31
-2.30
-2.28
-2.27
-2.25
-2.24
-2.22
-2.20
-2.18
-2.17
-2.14
-2.12
-2.10
-2.08
-2.06
-2.03
-2.01
-1.98
-1.96
-1.93
-1.91
-1.88
-1.86
-1.83
-1.80
-1.77
-1.75
-1.72
-1.69
-1.66
-1.63
-1.61
-1.58
-1.55
-1.52
-1.49
-1.46
-1.44
-1.41
-1.38
-1.35
-1.32
-1.29
-1.27
-1.24
-1.21
-1.18
-1.16
-1.13
-1.10
-1.07
-1.05
-1.02
-1.00
-0.97
-0.94
-0.92
-0.89
-0.87
-0.85
-0.82
-0.80
-0.78
-0.75
-0.73
-0.71
-0.69
-0.66
-0.64
-0.62
-0.60
-0.58
-0.56
-0.54
-0.52
-0.51
-0.49
-0.47
-0.45
-0.44
-0.42
-0.40
-0.39
-0.37
-0.36
-0.34
-0.33
-0.31
-0.30
-0.28
-0.27
-0.26
-0.24
-0.23
-0.22
-0.21
-0.19
-0.18
-0.17
-0.16
-0.15
-0.14
-0.13
-0.12
-0.11
-0.09
-0.08
-0.07
-0.06
-0.05
-0.04
-0.03
-0.02
-0.01
-0.00
0.01
0.02
0.03
0.04
0.05
0.06
0.07
0.08
0.09
0.10
0.11
0.12
0.13
0.14
0.15
0.16
0.17
0.18
0.19
0.19
0.20
0.20
0.20
0.20
0.20
0.19
0.18
0.16
0.14
0.12
0.09
0.06
0.02
-0.02
-0.07
-0.12
-0.18
-0.24
-0.31
-0.38
-0.45
-0.53
-0.61
-0.69
-0.77
-0.86
-0.94
-1.03
-1.12
-1.20
-1.29
-1.37
-1.46
-1.54
-1.62
-1.70
-1.77
-1.85
-1.92
-1.99
-2.06
-2.12
-2.19
-2.24
-2.30
-2.36
-2.41
-2.46
-2.51
-2.55
-2.59
-2.63
-2.67
-2.70
-2.74
-2.77
-2.79
-2.82
-2.84
-2.86
-2.88
-2.90
-2.91
-2.93
-2.94
-2.95
-2.95
-2.96
-2.96
-2.96
-2.96
-2.96
-2.96
-2.95
-2.95
-2.94
-2.93
-2.92
-2.91
-2.89
-2.88
-2.86
-2.84
-2.82
-2.80
-2.78
-2.76
-2.73
-2.71
-2.68
-2.66
-2.63
-2.60
-2.57
-2.54
-2.50
-2.47
-2.44
-2.40
-2.37
-2.33
-2.29
-2.26
-2.22
-2.18
-2.14
-2.10
-2.06
-2.02
-1.98
-1.94
-1.90
-1.86
-1.82
-1.78
-1.74
-1.69
-1.65
-1.61
-1.57
-1.53
-1.49
-1.45
-1.40
-1.36
-1.32
-1.28
-1.24
-1.20
-1.17
-1.13
-1.09
-1.05
-1.02
-0.98
-0.94
-0.91
-0.87
-0.84
-0.81
-0.77
-0.74
-0.71
-0.68
-0.65
-0.62
-0.59
-0.57
-0.54
-0.51
-0.49
-0.46
-0.44
-0.42
-0.39
-0.37
-0.35
-0.33
-0.31
-0.29
-0.27
-0.25
-0.24
-0.22
-0.20
-0.19
-0.17
-0.16
-0.15
-0.13
-0.12
-0.11
-0.10
-0.09
-0.08
-0.07
-0.06
-0.05
-0.04
-0.03
-0.03
-0.02
-0.01
-0.01
0.00
0.01
0.01
0.02
0.02
0.03
0.03
0.03
0.04
0.04
0.04
0.05
0.05
0.05
0.05
0.05
0.06
0.06
0.06
0.06
0.06
0.06
0.06
0.06
0.06
0.06
0.06
0.06
0.06
0.06
0.06
0.06
0.06
0.06
0.05
0.05
0.05
0.04
0.04
0.03
0.03
0.02
0.01
-0.00
-0.01
-0.03
-0.05
-0.07
-0.09
-0.11
-0.14
-0.17
-0.21
-0.25
-0.29
-0.33
-0.38
-0.44
-0.49
-0.55
-0.61
-0.68
-0.75
-0.81
-0.88
-0.95
-1.02
-1.09
-1.16
-1.23
-1.29
-1.36
-1.42
-1.48
-1.53
-1.59
-1.64
-1.69
-1.73
-1.77
-1.81
-1.84
-1.87
-1.90
-1.92
-1.94
-1.96
-1.97
-1.98
-1.99
-1.99
-2.00
-2.00
-2.00
-1.99
-1.99
-1.98
-1.97
-1.96
-1.95
-1.94
-1.92
-1.91
-1.89
-1.87
-1.85
-1.83
-1.81
-1.79
-1.77
-1.75
-1.73
-1.70
-1.68
-1.65
-1.63
-1.61
-1.58
-1.56
-1.53
-1.50
-1.48
-1.45
-1.43
-1.40
-1.38
-1.35
-1.32
-1.30
-1.27
-1.25
-1.22
-1.19
-1.17
-1.14
-1.12
-1.09
-1.07
-1.04
-1.02
-1.00
-0.97
-0.95
-0.92
-0.90
-0.88
-0.85
-0.83
-0.81
-0.79
-0.76
-0.74
-0.72
-0.70
-0.68
-0.66
-0.64
-0.62
-0.60
-0.58
-0.56
-0.54
-0.52
-0.50
-0.48
-0.47
-0.45
-0.43
-0.42
-0.40
-0.38
-0.37
-0.35
-0.34
-0.32
-0.31
-0.30
-0.28
-0.27
-0.26
-0.24
-0.23
-0.22
-0.21
-0.20
-0.19
-0.18
-0.17
-0.16
-0.15
-0.14
-0.13
-0.12
-0.11
-0.11
-0.10
-0.09
-0.09
-0.08
-0.07
-0.07
-0.06
-0.06
-0.05
-0.05
-0.04
-0.04
-0.03
-0.03
-0.03
-0.02
-0.02
-0.02
-0.01
-0.01
-0.01
-0.01
-0.01
-0.00
-0.00
-0.00
-0.00
-0.00
0.00
0.00
0.00
0.00
0.00
0.00
0.00
-0.00
-0.00
-0.00
-0.00
-0.00
-0.00
-0.01
-0.01
-0.01
-0.01
-0.01
-0.01
-0.02
-0.02
-0.02
-0.02
-0.03
-0.03
-0.03
-0.03
-0.04
-0.04
-0.04
-0.05
-0.05
-0.06
-0.06
-0.07
-0.07
-0.08
-0.09
-0.09
-0.10
-0.11
-0.12
-0.13
-0.14
-0.16
-0.17
-0.19
-0.21
-0.23
-0.25
-0.28
-0.30
-0.33
-0.37
-0.40
-0.43
-0.47
-0.51
-0.55
-0.59
-0.63
-0.67
-0.71
-0.75
-0.79
-0.83
-0.87
-0.90
-0.93
-0.96
-0.98
-1.01
-1.02
-1.04
-1.05
-1.06
-1.07
-1.07
-1.07
-1.07
-1.06
-1.05
-1.04
-1.03
-1.01
-1.00
-0.98
-0.96
-0.94
-0.92
-0.90
-0.88
-0.86
-0.84
-0.81
-0.79
-0.77
-0.75
-0.73
-0.70
-0.68
-0.66
-0.64
-0.62
-0.60
-0.58
-0.57
-0.55
-0.53
-0.51
-0.50
-0.48
-0.47
-0.45
-0.44
-0.42
-0.41
-0.39
-0.38
-0.37
-0.36
-0.34
-0.33
-0.32
-0.31
-0.30
-0.29
-0.28
-0.27
-0.26
-0.25
-0.24
-0.23
-0.23
-0.22
-0.21
-0.20
-0.20
-0.19
-0.18
-0.17
-0.17
-0.16
-0.15
-0.15
-0.14
-0.14
-0.13
-0.12
-0.12
-0.11
-0.11
-0.10
-0.10
-0.09
-0.09
-0.08
-0.08
-0.08
-0.07
-0.07
-0.06
-0.06
-0.06
-0.05
-0.05
-0.05
-0.04
-0.04
-0.04
-0.03
-0.03
-0.03
-0.03
-0.02
-0.02
-0.02
-0.02
-0.02
-0.01
-0.01
-0.01
-0.01
-0.01
-0.01
-0.00
-0.00
-0.00
-0.00
0.00
0.00
0.00
0.00
0.00
0.00
0.00
0.00
0.00
0.00
0.00
0.00
0.00
0.00
0.00
0.00
0.00
-0.00
-0.00
-0.00
-0.00
-0.01
-0.01
-0.01
-0.01
-0.02
-0.02
-0.02
-0.03
-0.03
-0.04
-0.04
-0.05
-0.06
-0.07
-0.08
-0.09
-0.10
-0.12
-0.13
-0.15
-0.17
-0.19
-0.21
-0.23
-0.25
-0.28
-0.30
-0.33
-0.35
-0.38
-0.41
-0.43
-0.46
-0.48
-0.50
-0.52
-0.54
-0.56
-0.58
-0.59
-0.60
-0.61
-0.62
-0.62
-0.63
-0.63
-0.63
-0.63
-0.62
-0.62
-0.61
-0.60
-0.59
-0.58
-0.56
-0.55
-0.53
-0.52
-0.50
-0.48
-0.46
-0.45
-0.43
-0.41
-0.39
-0.37
-0.35
-0.33
-0.31
-0.29
-0.27
-0.25
-0.24
-0.22
-0.20
-0.18
-0.17
-0.15
-0.14
-0.12
-0.11
-0.09
-0.08
-0.07
-0.06
-0.05
-0.03
-0.03
-0.02
-0.01
-0.00
0.00
0.01
0.01
0.02
0.02
0.02
0.02
0.02
0.02
0.01
0.01
-0.00
-0.01
-0.02
-0.04
-0.05
-0.07
-0.09
-0.11
-0.14
-0.17
-0.20
-0.23
-0.26
-0.30
-0.33
-0.37
-0.41
-0.44
-0.48
-0.52
-0.56
-0.59
-0.62
-0.66
-0.69
-0.71
-0.74
-0.76
-0.78
-0.79
-0.81
-0.82
-0.82
-0.83
-0.83
-0.83
-0.82
-0.82
-0.81
-0.80
-0.78
-0.77
-0.75
-0.73
-0.71
-0.69
-0.66
-0.64
-0.61
-0.58
-0.56
-0.53
-0.50
-0.47
-0.44
-0.41
-0.38
-0.35
-0.32
-0.29
-0.26
-0.23
-0.20
-0.17
-0.15
-0.12
-0.09
-0.06
-0.03
-0.01
0.02
0.05
0.07
0.09
0.12
0.14
0.16
0.18
0.20
0.22
0.23
0.24
0.25
0.26
0.27
0.27
0.28
0.27
0.27
0.26
0.25
0.23
0.22
0.19
0.17
0.14
0.10
0.07
0.03
-0.02
-0.06
-0.11
-0.16
-0.22
-0.27
-0.33
-0.38
-0.44
-0.50
-0.55
-0.61
-0.66
-0.71
-0.76
-0.81
-0.85
-0.89
-0.93
-0.96
-0.99
-1.01
-1.03
-1.05
-1.06
-1.07
-1.08
-1.08
-1.08
-1.07
-1.07
-1.06
-1.05
-1.03
-1.01
-1.00
-0.98
-0.95
-0.93
-0.91
-0.88
-0.86
-0.83
-0.80
-0.78
-0.75
-0.72
-0.69
-0.66
-0.63
-0.61
-0.58
-0.55
-0.52
-0.49
-0.47
-0.44
-0.41
-0.38
-0.36
-0.33
-0.30
-0.28
-0.25
-0.23
-0.20
-0.17
-0.15
-0.12
-0.10
-0.08
-0.05
-0.03
-0.00
0.02
0.04
0.07
0.09
0.11
0.13
0.16
0.18
0.20
0.22
0.24
0.26
0.29
0.31
0.33
0.35
0.37
0.39
0.41
0.43
0.44
0.46
0.48
0.50
0.52
0.53
0.55
0.57
0.58
0.60
0.61
0.62
0.63
0.64
0.65
0.66
0.67
0.67
0.67
0.68
0.67
0.67
0.67
0.66
0.65
0.64
0.62
0.60
0.58
0.56
0.53
0.49
0.46
0.42
0.38
0.33
0.28
0.22
0.16
0.10
0.04
-0.03
-0.10
-0.18
-0.25
-0.33
-0.41
-0.49
-0.56
-0.64
-0.71
-0.78
-0.85
-0.91
-0.97
-1.02
-1.07
-1.11
-1.14
-1.17
-1.19
-1.20
-1.21
-1.22
-1.21
-1.21
-1.19
-1.18
-1.16
-1.13
-1.10
-1.07
-1.03
-1.00
-0.96
-0.92
-0.88
-0.83
-0.79
-0.75
-0.71
-0.66
-0.62
-0.58
-0.54
-0.50
-0.46
-0.42
-0.39
-0.35
-0.32
-0.28
-0.25
-0.22
-0.20
-0.17
-0.14
-0.12
-0.10
-0.08
-0.06
-0.05
-0.03
-0.02
-0.01
0.00
0.01
0.02
0.03
0.03
0.04
0.04
0.05
0.05
0.05
0.06
0.06
0.06
0.06
0.06
0.07
0.07
0.07
0.07
0.08
0.08
0.08
0.09
0.09
0.10
0.10
0.11
0.12
0.13
0.13
0.14
0.15
0.16
0.18
0.19
0.20
0.21
0.22
0.24
0.25
0.26
0.28
0.29
0.31
0.32
0.34
0.35
0.36
0.38
0.39
0.40
0.41
0.43
0.44
0.45
0.46
0.46
0.47
0.48
0.48
0.48
0.48
0.48
0.48
0.47
0.46
0.44
0.43
0.41
0.38
0.35
0.32
0.28
0.23
0.18
0.13
0.07
0.00
-0.06
-0.14
-0.21
-0.29
-0.36
-0.44
-0.51
-0.58
-0.65
-0.71
-0.76
-0.81
-0.84
-0.87
-0.89
-0.90
-0.90
-0.90
-0.89
-0.87
-0.85
-0.83
-0.80
-0.77
-0.74
-0.70
-0.67
-0.63
-0.59
-0.56
-0.52
-0.49
-0.45
-0.42
-0.39
-0.36
-0.33
-0.30
-0.28
-0.26
-0.24
-0.22
-0.21
-0.19
-0.18
-0.17
-0.17
-0.17
-0.17
-0.17
-0.17
-0.18
-0.19
-0.20
-0.21
-0.22
-0.23
-0.25
-0.27
-0.28
-0.30
-0.32
-0.34
-0.36
-0.38
-0.40
-0.41
-0.43
-0.45
-0.47
-0.48
-0.50
-0.51
-0.53
-0.54
-0.55
-0.56
-0.57
-0.58
-0.58
-0.59
-0.59
-0.59
-0.60
-0.60
-0.59
-0.59
-0.59
-0.58
-0.58
-0.57
-0.56
-0.55
-0.54
-0.53
-0.52
-0.50
-0.49
-0.47
-0.46
-0.44
-0.43
-0.41
-0.39
-0.37
-0.35
-0.33
-0.31
-0.29
-0.27
-0.25
-0.23
-0.21
-0.19
-0.16
-0.14
-0.12
-0.10
-0.08
-0.06
-0.04
-0.02
0.00
0.02
0.04
0.06
0.08
0.09
0.10
0.12
0.13
0.14
0.14
0.14
0.14
0.14
0.13
0.12
0.10
0.08
0.05
0.01
-0.03
-0.07
-0.12
-0.17
-0.23
-0.28
-0.34
-0.39
-0.44
-0.48
-0.51
-0.54
-0.57
-0.58
-0.59
-0.60
-0.60
-0.60
-0.59
-0.58
-0.57
-0.55
-0.54
-0.52
-0.50
-0.48
-0.47
-0.45
-0.43
-0.41
-0.39
-0.38
-0.36
-0.35
-0.33
-0.32
-0.31
-0.29
-0.29
-0.28
-0.27
-0.27
-0.26
-0.26
-0.26
-0.26
-0.26
-0.27
-0.27
-0.28
-0.29
-0.30
-0.32
-0.33
-0.34
-0.36
-0.38
-0.39
-0.41
-0.43
-0.45
-0.47
-0.49
-0.51
-0.53
-0.55
-0.57
-0.58
-0.60
-0.62
-0.63
-0.65
-0.66
-0.68
-0.69
-0.70
-0.71
-0.72
-0.73
-0.73
-0.74
-0.74
-0.74
-0.75
-0.75
-0.75
-0.75
-0.75
-0.74
-0.74
-0.73
-0.73
-0.72
-0.71
-0.70
-0.70
-0.69
-0.67
-0.66
-0.65
-0.64
-0.63
-0.61
-0.60
-0.58
-0.57
-0.55
-0.54
-0.52
-0.51
-0.49
-0.47
-0.45
-0.44
-0.42
-0.40
-0.38
-0.36
-0.34
-0.33
-0.31
-0.29
-0.27
-0.25
-0.23
-0.21
-0.19
-0.17
-0.15
-0.13
-0.11
-0.09
-0.07
-0.05
-0.04
-0.02
-0.00
0.02
0.03
0.05
0.06
0.07
0.09
0.10
0.11
0.11
0.11
0.12
0.11
0.11
0.10
0.09
0.07
0.04
0.01
-0.02
-0.06
-0.10
-0.15
-0.20
-0.25
-0.29
-0.34
-0.38
-0.41
-0.44
-0.46
-0.48
-0.49
-0.49
-0.49
-0.49
-0.48
-0.48
-0.47
-0.46
-0.45
-0.43
-0.42
-0.41
-0.39
-0.38
-0.36
-0.35
-0.33
-0.32
-0.30
-0.29
-0.28
-0.26
-0.25
-0.23
-0.22
-0.21
-0.19
-0.18
-0.16
-0.15
-0.13
-0.12
-0.10
-0.08
-0.07
-0.05
-0.03
-0.02
0.00
0.02
0.04
0.06
0.08
0.10
0.12
0.13
0.16
0.18
0.20
0.22
0.24
0.26
0.28
0.30
0.32
0.34
0.36
0.38
0.40
0.42
0.44
0.46
0.48
0.50
0.52
0.53
0.55
0.57
0.59
0.61
0.62
0.64
0.66
0.67
0.69
0.71
0.72
0.74
0.75
0.77
0.78
0.79
0.81
0.82
0.83
0.85
0.86
0.87
0.88
0.90
0.91
0.92
0.93
0.94
0.95
0.96
0.97
0.98
0.99
1.00
1.01
1.02
1.03
1.04
1.04
1.05
1.06
1.07
1.08
1.08
1.09
1.10
1.10
1.11
1.11
1.12
1.13
1.13
1.13
1.14
1.14
1.15
1.15
1.15
1.15
1.15
1.15
1.15
1.15
1.15
1.14
1.14
1.13
1.12
1.11
1.10
1.08
1.07
1.05
1.03
1.00
0.97
0.94
0.90
0.86
0.82
0.76
0.71
0.64
0.57
0.49
0.40
0.31
0.21
0.09
-0.02
-0.14
-0.27
-0.40
-0.52
-0.63
-0.73
-0.81
-0.87
-0.90
-0.91
-0.90
-0.86
-0.81
-0.74
-0.67
-0.58
-0.49
-0.40
-0.30
-0.21
-0.11
-0.02
0.08
0.17
0.25
0.34
0.42
0.50
0.58
0.65
0.72
0.79
0.86
0.92
0.99
1.05
1.11
1.17
1.23
1.29
1.36
1.42
1.48
1.54
1.61
1.67
1.74
1.81
1.88
1.95
2.03
2.10
2.18
2.26
2.33
2.41
2.49
2.57
2.65
2.73
2.81
2.89
2.97
3.05
3.12
3.20
3.27
3.34
3.41
3.48
3.55
3.61
3.68
3.74
3.79
3.85
3.90
3.95
4.00
4.05
4.09
4.13
4.17
4.21
4.24
4.27
4.30
4.33
4.36
4.38
4.40
4.42
4.44
4.45
4.47
4.48
4.49
4.50
4.51
4.51
4.52
4.52
4.52
4.52
4.52
4.52
4.52
4.51
4.51
4.50
4.50
4.49
4.48
4.47
4.46
4.45
4.44
4.43
4.41
4.40
4.39
4.37
4.36
4.34
4.33
4.31
4.30
4.28
4.26
4.25
4.23
4.21
4.19
4.17
4.15
4.13
4.11
4.09
4.07
4.05
4.03
4.01
3.98
3.96
3.94
3.91
3.89
3.86
3.84
3.81
3.78
3.75
3.73
3.70
3.67
3.63
3.60
3.57
3.53
3.49
3.46
3.42
3.38
3.33
3.29
3.24
3.19
3.14
3.08
3.03
2.96
2.90
2.83
2.76
2.69
2.61
2.52
2.43
2.33
2.23
2.13
2.01
1.89
1.76
1.63
1.48
1.33
1.17
1.01
0.83
0.64
0.45
0.26
0.06
-0.15
-0.35
-0.55
-0.74
-0.93
-1.09
-1.23
-1.34
-1.41
-1.43
-1.40
-1.30
-1.15
-0.95
-0.70
-0.41
-0.09
0.25
0.61
0.98
1.37
1.75
2.14
2.54
2.93
3.31
3.69
4.07
4.44
4.79
5.15
5.49
5.82
6.14
6.45
6.74
7.02
7.29
7.54
7.78
8.01
8.22
8.41
8.59
8.76
8.91
9.04
9.17
9.27
9.37
9.46
9.53
9.58
9.63
9.67
9.70
9.72
9.73
9.73
9.72
9.71
9.69
9.66
9.63
9.59
9.54
9.49
9.44
9.38
9.32
9.26
9.19
9.12
9.04
8.97
8.89
8.81
8.73
8.65
8.56
8.48
8.39
8.31
8.22
8.13
8.05
7.96
7.87
7.78
7.69
7.60
7.52
7.43
7.34
7.25
7.17
7.08
6.99
6.91
6.82
6.74
6.65
6.57
6.48
6.40
6.32
6.24
6.15
6.07
5.99
5.91
5.83
5.75
5.68
5.60
5.52
5.44
5.37
5.29
5.21
5.14
5.06
4.98
4.91
4.83
4.75
4.68
4.60
4.52
4.44
4.35
4.27
4.18
4.09
4.00
3.90
3.80
3.70
3.59
3.47
3.35
3.23
3.09
2.96
2.81
2.66
2.50
2.34
2.17
1.99
1.81
1.62
1.42
1.22
1.01
0.80
0.59
0.37
0.15
-0.07
-0.29
-0.52
-0.74
-0.96
-1.18
-1.39
-1.60
-1.80
-1.99
-2.17
-2.34
-2.49
-2.63
-2.76
-2.87
-2.96
-3.03
-3.08
-3.11
-3.11
-3.10
-3.06
-3.01
-2.93
-2.83
-2.72
-2.59
-2.44
-2.28
-2.11
-1.93
-1.74
-1.54
-1.34
-1.14
-0.93
-0.72
-0.52
-0.32
-0.12
0.07
0.25
0.43
0.60
0.77
0.92
1.07
1.21
1.34
1.46
1.57
1.67
1.76
1.84
1.92
1.98
2.04
2.08
2.12
2.15
2.17
2.19
2.19
2.19
2.18
2.17
2.14
2.11
2.07
2.02
1.97
1.90
1.83
1.75
1.66
1.56
1.45
1.34
1.21
1.06
0.91
0.74
0.57
0.38
0.19
-0.01
-0.20
-0.38
-0.54
-0.69
-0.80
-0.89
-0.94
-0.96
-0.95
-0.90
-0.84
-0.75
-0.64
-0.52
-0.38
-0.24
-0.10
0.05
0.20
0.35
0.49
0.63
0.77
0.90
1.02
1.14
1.26
1.36
1.47
1.56
1.65
1.74
1.81
1.89
1.96
2.02
2.08
2.14
2.18
2.23
2.27
2.31
2.35
2.38
2.41
2.44
2.46
2.48
2.50
2.51
2.53
2.54
2.55
2.56
2.56
2.57
2.57
2.57
2.57
2.57
2.57
2.56
2.56
2.55
2.54
2.54
2.53
2.52
2.51
2.50
2.48
2.47
2.46
2.44
2.43
2.42
2.40
2.38
2.37
2.35
2.34
2.32
2.30
2.28
2.27
2.25
2.23
2.21
2.19
2.17
2.15
2.13
2.11
2.09
2.07
2.05
2.03
2.01
1.99
1.97
1.95
1.93
1.91
1.88
1.86
1.84
1.82
1.80
1.77
1.75
1.73
1.71
1.68
1.66
1.64
1.62
1.59
1.57
1.54
1.52
1.50
1.47
1.45
1.42
1.40
1.37
1.35
1.32
1.30
1.27
1.24
1.22
1.19
1.16
1.13
1.10
1.07
1.04
1.01
0.98
0.95
0.92
0.89
0.85
0.82
0.78
0.74
0.71
0.67
0.63
0.59
0.55
0.50
0.46
0.41
0.36
0.31
0.26
0.21
0.16
0.10
0.05
-0.00
-0.06
-0.11
-0.16
-0.21
-0.25
-0.29
-0.33
-0.36
-0.38
-0.40
-0.41
-0.41
-0.41
-0.39
-0.37
-0.34
-0.30
-0.26
-0.21
-0.15
-0.08
-0.01
0.06
0.14
0.22
0.30
0.39
0.47
0.56
0.65
0.74
0.82
0.91
0.99
1.07
1.16
1.24
1.31
1.39
1.46
1.53
1.60
1.67
1.73
1.80
1.86
1.91
1.97
2.02
2.08
2.13
2.17
2.22
2.26
2.31
2.35
2.39
2.42
2.46
2.49
2.53
2.56
2.59
2.62
2.65
2.67
2.70
2.72
2.74
2.77
2.79
2.81
2.83
2.85
2.86
2.88
2.90
2.91
2.93
2.94
2.95
2.97
2.98
