-0.35793
-0.24496
0.10937
1.2938
1.3896
0.69561
0.81128
0.59121
-0.35822
0.78095
1.4089
0.27323
-0.057436
1.1197
1.0709
0.84916
0.41977
-0.26923
-0.32747
-0.15143
0.058323
0.78223
0.50632
0.69069
0.58577
0.62304
0.20969
-0.23388
-0.013021
0.62728
0.81834
0.62507
0.29532
-0.04768
0.49386
0.96944
0.035211
-0.62419
0.34013
0.7633
0.39214
0.68576
0.60498
0.58347
0.72196
-0.11678
-0.020357
0.52821
0.54848
0.64683
0.14415
0.11176
0.085846
0.017892
0.41091
0.98409
1.0916
0.64102
-0.039747
0.037101
1.1004
0.00079866
-0.1614
-0.42296
-0.60581
0.53734
-0.11093
0.31479
0.90416
1.0253
0.93341
0.48469
0.59102
0.4183
-0.31041
-0.24434
0.74486
0.84624
0.54972
0.55541
-0.72548
0.31712
0.68411
-0.19277
0.64414
0.54306
-0.31842
0.45958
0.64607
-0.054542
0.84576
0.94185
-0.19615
-0.24407
-0.21295
1.0136
1.4112
0.21453
-0.047304
0.87019
1.4822
0.89914
0.23528
0.30902
0.028019
0.36824
0.36389
0.023127
-0.55663
-0.72997
0.25671
1.2052
1.564
0.16395
-0.3096
0.39436
0.38919
0.67068
0.5738
0.27609
0.028545
0.019213
-0.03117
0.7792
0.39237
-0.23797
-0.18975
0.36451
0.24239
-0.62972
-0.66861
0.2358
1.6287
0.944
0.60139
1.6
1.5128
1.6245
0.70336
0.80816
0.66542
-0.4035
-0.30601
0.57992
1.6384
1.5063
1.0078
1.1746
0.73069
-0.12588
-0.32995
-0.18303
0.49335
0.65811
-0.11248
0.013236
0.21178
0.1372
1.0471
1.7646
0.65483
-0.050854
0.49425
0.59674
0.40012
0.76224
0.12464
1.1126
1.1754
0.5233
0.45515
-0.075709
0.57541
0.88945
0.65499
0.64905
0.81066
1.6185
1.293
1.2733
1.268
1.3811
0.24401
-0.12091
-0.21989
0.18212
1.5796
1.8985
1.5395
0.56566
-0.10572
0.37815
0.61618
0.92136
1.2955
0.83432
0.2327
1.0161
1.2808
0.064991
-0.38166
-0.21063
-0.42803
-0.039456
0.48205
1.248
1.4321
1.2502
0.57255
0.47228
1.3904
0.64523
0.49675
1.2431
0.37203
0.32997
0.28082
0.087964
0.095448
0.14119
0.11484
0.04401
0.065888
0.44127
1.4864
0.522
-0.26624
0.59912
0.75774
1.0569
0.84001
-0.27692
0.1478
1.0657
0.51947
0.20628
0.27521
0.080195
-0.0012834
0.72733
0.42602
-0.019158
0.96688
0.98974
0.53578
0.2602
0.47146
1.0138
1.0919
1.5185
0.58631
0.16482
-0.57919
-0.076251
1.093
0.83384
-0.25727
-1.0635
0.61135
0.6736
0.53603
0.91354
0.31334
0.18289
0.35478
0.6698
0.031589
-0.014713
0.22968
0.25029
0.81439
0.72703
-0.3969
-0.76747
0.1599
0.61666
1.0268
0.97238
0.4274
0.98129
0.65282
-0.45933
0.20366
1.1193
1.0541
1.0102
1.0679
0.92607
1.318
1.7134
0.99133
1.0121
1.204
1.4363
1.0155
1.1014
1.5257
1.374
1.4639
0.89559
0.87871
1.3305
0.70091
-0.16094
0.43567
0.95976
0.76134
0.76766
0.21455
0.50026
1.1974
0.9547
0.56434
0.50303
0.34392
-0.31379
0.18334
1.0878
0.94641
0.26728
0.51864
1.321
1.2194
0.90954
0.75661
0.31866
0.33317
0.92854
0.90246
0.89081
0.73084
0.6918
0.49335
-0.14584
-0.97429
0.00020973
0.93681
0.89829
1.0277
0.010338
-0.094741
1.4654
1.603
0.81831
0.18123
0.062669
0.26693
0.74072
0.19727
0.041848
0.26194
0.73012
1.3567
1.1725
0.12758
0.14278
0.89441
0.6613
-0.13048
-0.29342
0.49605
0.70862
0.6215
0.87445
1.0388
1.2242
0.92712
0.92681
0.93218
0.10218
0.38834
1.2319
1.092
0.50441
0.19458
-0.37502
0.020784
0.86778
1.1862
0.8369
0.27212
0.99436
1.9639
2.2758
0.96606
-0.43091
0.062605
0.59221
0.94818
0.57943
0.32103
0.27977
-0.53492
-0.41895
0.38907
0.55215
0.64393
0.95177
0.8606
0.91919
1.7021
1.0785
1.5833
2.2562
1.554
-0.0015494
-0.45101
-0.32836
0.19442
0.15206
-0.048682
1.059
0.66323
-0.78782
-0.25679
0.28407
0.82728
0.62146
0.33419
0.36105
0.092986
0.13274
1.032
0.99403
0.91313
0.61026
0.77024
0.24002
0.099854
0.78158
0.20364
-0.51431
-0.39445
0.19959
1.1069
0.53388
0.71324
0.72787
0.22153
0.0011005
1.3338
1.0398
0.86293
0.94784
0.25296
0.61267
0.92741
0.41455
0.77832
0.43641
1.2211
1.2703
1.0873
1.1883
0.58181
0.83223
1.4224
0.58159
0.38462
0.19628
0.76623
0.88573
1.0867
0.86083
0.71322
0.46583
0.034366
0.38336
1.6056
1.6904
1.0909
0.86504
1.8793
1.5602
1.0379
0.46531
0.29613
-0.015119
0.33167
0.37911
1.0878
1.5039
0.87081
0.36541
-0.02819
0.4296
1.2467
0.70763
1.4037
1.4256
1.0306
0.66584
0.97409
0.53035
0.18525
-0.011546
-0.52963
-0.68625
0.63026
0.15119
1.0145
1.7375
-0.11851
-0.2949
0.93213
0.44227
0.60096
0.23157
0.062513
1.0522
1.3547
1.0063
1.1832
0.28754
0.29713
0.69967
1.551
0.83399
0.32221
-0.21111
0.71343
1.5137
1.4035
1.0046
0.6167
1.1823
0.88035
0.65442
0.26553
-0.20732
0.35052
0.013428
-0.31019
0.12347
0.83706
0.84165
1.1961
0.5718
0.27818
0.7096
0.96171
1.3158
0.46961
-0.65477
-0.6535
0.67753
0.87199
0.46193
0.20215
-0.10701
0.507
1.0177
1.1048
0.84439
1.0171
0.67522
0.35556
0.14457
0.23861
0.4876
-0.071184
0.32753
0.86083
1.5863
1.5139
0.93255
0.71093
-0.067793
-0.42283
0.13928
1.3249
1.2045
0.97024
0.6715
0.48902
0.67859
0.097561
0.59567
0.62497
-1.1367
0.10822
1.0889
0.70157
0.4676
0.49266
0.3953
0.40709
0.25993
-0.22002
-0.033479
0.44233
0.23041
1.3179
2.4292
1.3037
-0.20117
-0.26902
-0.3364
0.095327
0.57547
0.59413
-0.070061
0.74108
1.4571
0.54484
0.31797
0.13029
0.22082
0.097755
-0.13611
0.31518
0.46048
0.40462
0.22513
0.44591
0.62965
0.19584
0.8644
1.2229
-0.52122
-0.83941
0.4869
1.1651
0.16978
0.7794
1.0827
-0.19917
-0.2085
-0.00091831
1.094
0.13612
-0.89129
0.32498
1.0282
0.12285
0.4029
0.51738
-0.40211
-0.105
0.71493
0.98976
0.83978
0.6982
0.49861
1.0433
1.1701
-0.436
-0.44081
-0.39025
-0.43681
0.3603
0.27164
0.11705
0.44603
0.18901
0.22326
0.3653
1.0833
0.32113
-0.0025484
0.28321
0.12647
-0.2897
0.14929
0.89774
1.0564
1.1005
0.37619
-0.39387
-0.00030333
0.41452
0.21544
-0.049526
-0.58384
-0.877
0.43482
1.0538
1.5121
1.241
0.74063
0.082458
-0.78065
0.28326
0.99759
0.86983
0.75647
0.45014
0.88771
1.4039
0.83875
0.15885
0.28931
0.69366
1.0767
1.4428
0.055595
-0.0056237
-0.70853
-1.3521
-0.35007
0.30283
0.4642
0.36943
0.91543
0.98335
1.0391
0.86988
-0.10549
-0.33134
0.33763
0.60021
0.49191
0.67418
0.25828
0.50759
0.38079
0.62066
1.4798
1.7647
1.3718
1.0541
1.2945
0.29393
0.13101
0.6456
0.091958
0.032326
-0.28874
-0.041741
0.62248
0.89472
0.98636
1.2668
0.82499
0.76258
1.2964
0.8376
0.39117
0.92635
0.66913
0.12789
0.033028
0.060417
-0.1539
0.75123
-0.010628
-0.2012
0.61757
0.6246
0.48824
-0.17792
-0.2956
-0.21936
0.39429
0.51256
0.47505
0.75207
0.040795
-0.037133
-0.37162
-0.33504
-0.078361
0.095452
0.59715
0.65918
1.0271
0.793
1.0174
0.77906
0.25514
0.69499
0.81178
0.60572
0.29314
0.26034
0.089197
0.11992
0.59487
1.2873
0.96449
0.1369
0.42407
0.71918
0.58554
0.56396
-0.41842
0.3407
1.1679
0.51638
0.074676
0.099804
-0.53743
-0.24952
0.96509
0.24079
-0.83901
-0.12553
-0.29486
0.0067452
0.11655
0.38679
0.40305
0.33848
0.58148
0.80932
0.96791
0.40203
-0.86542
-0.27287
0.054109
0.37973
0.029939
0.52206
0.42474
-0.10484
0.48105
1.7275
0.9596
0.93586
1.1387
0.29869
0.43919
0.92018
0.25057
0.22798
-0.65441
-0.3645
0.71545
1.018
0.36164
1.0176
0.74764
0.55373
0.27092
0.019295
0.51694
0.88587
0.59185
0.65292
1.232
1.5295
0.66361
0.49872
1.2405
1.1834
0.47027
1.1285
1.4322
0.5898
0.27008
0.02935
0.098968
0.9242
0.1951
0.51702
0.83206
0.065563
-0.075143
-0.5883
-0.22432
-0.1077
-0.66278
-0.20353
0.21323
0.19163
0.29749
0.70933
0.36788
0.18479
0.15433
0.052523
-0.018512
-0.52245
-0.62121
0.33303
0.63874
0.86867
1.3608
0.59533
-0.2771
-0.73567
-0.29568
0.7107
1.3337
0.95309
0.21871
0.47944
0.21179
0.32699
0.6018
-0.15109
-0.18805
0.42007
1.2837
1.3176
1.6996
0.89158
0.29304
0.5113
0.43277
0.079542
0.061452
0.2112
0.19015
0.24493
0.3816
0.46077
1.2564
0.73206
0.37855
-0.25337
0.0071803
0.50642
0.23029
0.40587
0.47086
0.24346
-0.12525
0.48911
0.51732
0.18434
0.59128
0.71654
1.1042
0.16555
0.5344
1.2513
0.25486
-0.30661
-0.13821
0.19233
0.65759
1.3106
0.96957
1.0989
0.98242
1.0114
1.635
0.41987
0.33515
0.87524
0.49674
0.74951
0.68592
0.17703
0.56979
0.74709
0.51467
1.1659
0.79784
0.31732
1.0046
0.28644
0.10946
0.53616
0.60355
0.73018
0.65745
0.13361
0.62763
1.6006
1.21
1.0758
0.89265
0.23664
0.44886
-0.14495
0.72743
1.5332
0.015874
-0.81628
0.37023
0.76739
0.47283
-0.15179
-0.012759
0.59036
0.86478
-0.070265
0.5778
0.47349
-0.016666
1.081
1.6875
1.1349
1.1111
0.22119
0.46741
1.2196
0.42342
0.062241
1.9193
1.8578
1.4062
1.3522
0.3183
-0.72873
-0.12026
-0.086044
-0.43572
0.0029089
0.55156
1.6746
1.3562
0.46207
1.8101
1.0236
0.13856
0.30148
0.98664
0.93046
0.97936
1.1266
1.0249
0.22478
-0.46744
-0.34609
-0.41612
0.27405
1.3156
0.78834
0.12589
0.62273
1.8034
1.5042
0.45177
-0.14466
0.58813
0.66107
0.8461
0.50963
0.92906
0.90859
-0.0096819
-0.18652
0.62555
0.71874
0.18357
0.19298
-0.037071
-0.18323
0.28506
1.3397
1.2451
0.69669
0.30084
0.44835
1.2896
1.1105
0.89765
-0.21705
-0.30932
0.65493
-0.10464
-0.14062
0.852
1.015
1.0344
0.91204
1.013
1.0786
0.89374
-0.065353
-0.69014
0.24285
0.35247
-0.48205
-0.2485
0.18192
0.11184
-0.39367
0.26389
0.74373
0.32186
0.67594
0.62329
-0.5165
-0.23048
0.70881
-0.098033
0.62897
0.96528
-0.083516
0.35231
0.39025
0.65994
1.552
1.1271
0.47686
-0.26167
-0.37821
0.066773
-0.2179
-0.71224
0.11619
0.027939
-0.3339
0.44375
0.81127
0.65992
1.6335
1.5208
0.36771
0.28054
0.85762
1.6298
1.4667
0.2868
0.45925
1.0264
0.95519
0.67453
0.60168
0.52539
0.2061
0.55591
0.79378
1.2392
1.3711
0.7984
1.2378
1.4155
1.0097
0.20963
0.75068
0.92894
0.244
0.44085
0.98402
1.0543
0.10082
-0.011994
0.15807
0.16767
-0.12644
0.12997
0.59228
-0.029929
-0.10761
0.8629
0.51563
0.30041
0.64779
0.001521
0.018767
0.076199
0.43083
1.0774
0.61406
-0.063307
-0.13839
0.20486
0.36936
1.2244
1.3003
0.46562
-0.49776
-0.58554
0.4692
0.20093
0.10758
1.0683
1.7073
1.1156
1.3853
1.4995
1.0888
0.96273
0.31021
0.34545
0.83321
1.1205
-0.22626
-0.67016
0.95999
1.3034
0.98894
0.8626
1.2796
0.55038
0.30152
-0.1766
-0.067569
0.6963
0.8679
0.54582
0.60508
1.1809
0.54539
0.43327
0.73913
0.35516
0.25175
-0.14269
-0.24747
-0.11646
0.031011
0.080901
1.2322
1.0129
0.76532
1.0937
1.2829
0.96472
0.40866
0.33753
-0.20306
0.93195
0.50581
-0.070112
0.43173
0.37532
-0.026783
0.3798
0.88002
0.38157
1.045
1.2969
1.4012
1.8846
0.59795
0.17873
0.93345
0.76625
0.18914
0.34196
0.52215
1.1097
0.73954
0.11805
0.9007
1.7236
1.4889
0.2039
0.089789
0.57887
0.63837
0.24935
-0.43713
0.50776
1.3521
1.1584
0.67512
-0.070062
0.37586
0.20081
0.078528
1.0012
1.3836
0.64952
0.38899
0.44256
0.0071088
0.19553
-0.18021
0.76648
1.4531
0.26229
0.20268
1.0388
0.85192
0.3056
0.79836
1.3793
1.3466
0.85383
0.67073
0.86909
0.3529
-0.023043
-0.08735
-0.073812
0.18628
-0.22702
-0.055976
-0.090476
-0.08371
0.0045694
0.28342
0.98946
0.056769
-0.49474
-0.17304
-0.049764
0.24947
-0.12689
0.041556
0.71716
0.89577
0.24604
0.47109
0.93955
-0.2502
-0.28078
1.2589
1.1952
0.58135
1.1844
0.50217
0.53925
0.68065
0.45633
0.88557
0.67137
-0.017651
0.54394
0.85236
0.50971
0.82127
1.2575
0.60368
0.052238
0.31488
1.2608
0.74552
0.48296
1.2543
1.0309
0.61077
0.57867
0.10033
-0.1084
-0.35914
-0.10256
1.2842
1.3668
1.2563
0.72554
0.081842
1.0904
0.54231
-0.57912
0.84375
1.583
0.84736
0.59758
1.1829
1.2107
1.2145
1.331
1.5442
1.2223
-0.13927
0.51346
0.72095
-0.88527
-0.20094
0.70835
0.38992
0.41433
1.2401
1.2783
0.60982
0.46539
-0.32515
-0.63684
-0.60042
-0.61726
1.1118
1.5584
1.0936
0.73752
0.19311
0.62547
0.94256
0.46616
-0.60187
0.65941
2.0551
0.64181
0.87255
0.8657
0.20596
-0.21182
-0.1415
0.48202
-0.045554
3.0671e-05
-0.30638
0.060386
0.19126
0.62313
0.74647
0.12154
0.55519
0.4672
0.12661
-0.4814
-0.43636
0.87954
0.9581
0.116
0.42701
0.89236
0.71855
0.81239
-0.44499
-0.82548
0.781
0.82835
0.12314
0.50503
0.8918
0.27667
0.46223
0.030287
-0.19289
-0.010682
0.15301
1.3292
1.5953
0.28882
-0.63142
-0.42663
0.93909
1.2027
0.22766
0.59361
0.53749
0.12513
0.18994
0.41458
0.24215
-0.15877
-0.24781
1.074
0.46438
0.28654
0.5616
0.69994
1.0841
0.21084
0.24365
0.64988
-0.11335
0.050616
0.381
0.78675
0.61129
0.59934
0.68398
0.95469
1.2724
1.4614
0.85626
0.17801
0.78744
1.7866
1.7973
0.99131
0.63043
1.2682
0.64072
0.015918
0.17184
0.96884
0.39674
-0.20519
0.43628
0.85062
0.55664
-0.096605
0.0072184
0.37977
-0.24697
-0.54448
0.041589
1.0085
0.87535
0.64428
0.2252
-0.43644
-0.58032
-0.2298
0.11505
0.47314
0.57969
0.82531
0.96332
0.057357
0.39388
0.29315
-0.15974
-0.15619
0.41807
-0.12999
0.094173
0.38553
-0.15162
-0.35657
-0.34771
-0.5054
-0.30999
0.56971
0.75638
-0.14654
0.66683
0.99791
0.90207
0.28687
0.48884
0.29192
-0.19772
-0.20304
-0.041805
0.6381
1.0363
-0.20433
-0.35398
-0.29445
0.51887
1.5641
0.80831
0.56323
0.95433
0.7854
0.97981
1.1833
0.92676
0.051157
0.84869
0.44115
0.18985
0.43967
0.75118
1.4555
1.5436
1.6197
0.44505
0.21663
0.65134
0.15283
0.48864
0.33223
-0.17689
-0.33674
-0.13225
-0.1432
0.23291
0.66545
0.0030398
-0.51482
-0.52781
0.33613
1.1181
0.14248
0.03468
0.34833
-0.16821
0.20963
-0.035425
-0.59912
-0.25543
-0.81715
-0.79166
-0.34052
-0.70532
-0.6673
0.22669
0.32698
1.2805
1.2283
-0.090177
0.3687
0.98915
0.084752
0.030078
-0.19485
-0.25398
0.13619
1.3223
1.5209
0.40362
-0.59182
-0.42352
0.45429
1.5093
0.8042
0.18556
-0.38359
0.43247
1.1619
1.2883
1.199
-0.28079
0.12211
0.8043
0.22831
0.23802
0.76357
1.7219
1.4906
1.7791
0.95552
-0.30092
-0.15858
-0.31292
-0.28487
-0.07394
-0.36321
-0.48566
0.22081
0.67802
0.27406
0.25708
0.34032
0.1897
0.64793
0.24659
0.27781
1.2995
1.6492
0.78107
0.52569
0.25043
0.28775
-0.10425
-0.87274
-0.56139
-0.58751
-0.014132
0.75107
1.1015
1.1402
0.85375
0.33601
0.44715
0.83985
0.046272
0.6193
1.1584
0.51882
0.60133
0.43709
0.075071
0.31813
0.51173
0.14025
0.60004
0.41377
0.12425
1.2302
0.14697
-0.67218
-0.31729
0.9229
1.0382
1.1593
1.1415
0.5566
0.027902
-0.44394
0.055056
0.34501
0.99843
0.66019
0.59985
1.37
0.47665
0.061958
-0.18856
-0.06545
-0.45181
0.60286
0.67491
-0.39151
0.25701
0.41284
0.01297
-0.16913
0.40855
1.07
0.73646
0.72603
-0.014846
-0.12447
0.35872
-0.62886
-0.26327
0.30325
-0.344
0.58544
1.0739
0.38354
0.034423
-0.19388
-0.63138
0.69765
1.901
1.3408
0.46206
0.33413
0.28078
0.095753
0.71613
1.6777
1.3035
0.90921
0.44609
0.25323
0.43201
1.0398
0.70846
0.38109
0.73016
0.4609
0.019514
0.24759
0.12486
0.088109
0.63427
0.739
0.79708
0.30328
-0.070933
-0.088718
0.10338
-0.068246
0.1408
0.96665
0.54182
0.37225
1.0207
1.0898
0.82861
-0.34568
-0.30176
-0.66217
-0.38128
0.6551
1.0561
1.829
1.2437
0.76212
0.87843
0.17825
0.18274
0.10812
-0.15648
-0.27759
0.16109
1.6894
1.2516
0.21846
-0.088387
0.30377
1.0225
0.30758
-1.0103
-0.46748
0.8325
-0.27724
-0.037082
1.5715
0.97807
-0.37592
-0.25688
0.7594
1.1766
1.0109
0.86205
1.258
0.45583
0.31792
0.15326
0.0071254
0.68088
0.93169
0.45628
0.28181
1.2366
1.2172
1.0443
0.85678
0.1152
0.8299
0.974
1.2082
0.71572
0.46014
0.89979
0.41419
0.49158
0.94957
1.4314
1.9328
1.7364
0.55517
-0.58033
-0.58819
0.30346
0.52727
-0.075352
-0.062898
0.43666
-0.10393
0.16285
0.19755
-0.14646
0.50422
0.4373
-0.1239
0.98571
1.4489
0.96627
0.77822
0.19637
-0.2512
0.60966
0.71041
0.20482
1.3132
0.92929
-0.072236
0.17389
-0.65213
-0.080784
1.1879
1.0372
0.093758
-0.41611
0.45022
0.47801
0.97294
0.353
0.27448
0.21688
-0.29714
0.052579
0.91223
1.3542
0.76577
1.034
0.61024
-0.667
0.18455
0.58172
0.60016
0.02424
0.43765
0.91575
0.19911
0.078777
1.0422
1.0063
1.2871
1.1035
0.45451
-0.15594
0.056825
0.6918
1.6209
0.85726
-0.0022088
0.45549
0.78583
0.80406
1.4969
1.3538
0.48193
1.2598
1.1154
0.54631
1.4881
1.6591
0.58814
0.069152
0.1224
0.19923
0.51318
-0.061072
0.16406
1.0385
0.51405
0.26895
0.32269
-0.47272
-0.90806
-0.34253
0.17271
0.64151
0.37831
0.49725
0.8557
1.0096
0.7703
0.48819
0.78124
0.53761
0.88447
0.52315
0.49641
0.61716
0.60315
0.33387
0.58048
-0.21459
-0.67444
1.2286
2.0702
1.1259
0.16912
-0.17739
0.026657
0.49278
1.4753
0.95322
0.49924
0.19463
0.93982
1.0155
0.68916
0.17044
0.38003
0.15456
0.19793
0.29454
1.7079
1.7164
0.22151
0.10563
1.1104
0.93835
-0.16469
0.21151
0.76506
-0.1034
0.83161
1.0062
0.37281
0.88008
1.5154
0.29149
0.24577
0.93231
0.30011
0.48196
0.57349
0.27717
0.085459
0.74852
1.1012
0.80178
0.67445
1.0893
0.92594
0.17903
0.36512
1.0854
0.64143
-0.23052
-0.81844
-0.49912
0.82448
1.4882
0.34858
0.12404
0.55099
0.25359
0.44711
0.37858
-0.28825
-0.44204
0.27698
0.42456
0.3111
0.43456
-0.054345
-0.10694
0.62828
1.1198
0.87148
0.5278
0.13633
-0.078168
0.20083
0.55017
0.54227
0.92039
0.36572
0.22147
0.37788
0.36955
0.56084
-0.39583
-0.43001
0.072621
1.0957
1.7188
0.77826
0.28401
0.10405
0.55671
0.98482
0.82737
0.85386
0.47535
0.89156
0.65212
0.020582
0.70685
1.3106
0.54912
0.030574
0.92826
0.94946
0.47044
1.1632
0.90275
0.18794
-0.0036912
0.82084
0.70151
0.84201
0.79099
-0.042432
-0.12216
0.56012
0.99148
0.84364
-0.063101
0.41838
0.84424
0.74269
1.1863
0.56187
0.26112
-0.027783
-0.91539
0.47029
1.0255
0.74442
0.072139
0.40553
0.26229
0.47148
0.40691
0.25456
1.8899
1.7272
0.41597
0.34245
-0.25576
0.044654
0.92225
1.4274
0.55913
0.48028
0.69128
0.66823
0.44806
-0.0017795
0.20094
0.29327
0.023172
0.59465
1.1044
0.83421
0.56217
1.2022
0.71269
0.46174
0.79348
0.50509
0.30772
0.36961
0.11684
0.93586
1.0931
0.15502
0.10991
1.1481
0.17108
0.12789
1.1123
1.1161
0.13169
0.80852
0.93718
0.65225
0.32725
0.18834
-0.15975
-0.023747
-0.14971
0.13694
0.63048
0.71521
0.82427
1.0487
-0.70836
-0.66985
0.76839
1.365
1.6403
0.84552
0.76187
1.0312
0.90761
0.89995
0.89165
0.76565
0.14055
-0.76479
-0.80485
-0.54079
-0.089793
-0.83958
-0.10553
1.0745
0.24376
-0.05902
0.26761
0.1257
0.64908
0.47308
0.052494
-0.33559
0.11011
0.4482
0.68359
0.78286
0.82047
1.211
0.55865
0.28602
0.80741
0.66711
0.62126
0.066962
0.42268
0.53299
0.25606
1.3387
1.2257
0.69869
-0.54986
0.019955
1.5758
0.56176
0.017199
-0.0032807
-0.60692
-0.8686
-0.02174
0.66789
0.80923
0.62136
0.0073029
1.1555
0.87347
-0.22585
0.41693
0.86441
0.50534
0.37451
0.1978
0.80558
1.0926
0.88024
1.2411
1.3578
-0.23827
0.16841
0.6902
0.40109
0.6082
-0.20306
0.50583
1.2913
0.94188
0.75503
0.78378
0.73533
0.18144
0.97524
0.80312
-0.0034919
0.3783
0.2049
0.084727
0.061547
0.86458
0.9499
0.10078
-0.045682
0.62486
0.72773
0.21276
-0.72995
-0.75035
-0.002704
-0.36864
-0.41032
0.19894
0.022241
-0.26568
0.51118
0.097882
0.203
0.58309
0.080506
0.57816
0.94451
1.9106
0.94876
0.30631
1.2107
1.1136
0.91253
0.70119
-0.45622
-0.16803
0.92659
1.1102
0.73036
0.68842
0.36174
-0.11691
0.79751
0.22565
-0.1955
0.23628
0.31465
0.86917
-0.41113
0.42265
0.62556
-0.40966
-0.36925
0.36197
0.70364
-1.0554
0.15407
0.79974
0.88889
1.3461
0.89999
0.83138
1.1063
0.24045
-0.3767
-0.2566
-0.20268
-0.58195
0.68943
1.0193
0.88968
1.0579
1.5103
0.81725
-0.22893
-0.62466
0.2872
0.65869
0.64476
0.56718
0.56507
-0.36067
0.021341
1.3424
0.695
0.4693
1.3534
0.51688
0.23637
0.62322
1.1105
1.4032
0.92273
0.45295
0.32363
0.53413
-0.32877
0.19308
1.8418
1.7526
0.23362
0.57108
0.31899
0.56973
0.99008
-0.13502
-0.57357
0.21338
0.84324
0.54532
-0.074134
-0.10041
0.45836
1.2804
0.70612
1.2902
0.97052
0.60369
0.20243
0.30506
0.79137
0.31043
0.075011
0.60747
1.2076
0.38054
-0.15288
1.0524
1.2527
1.6798
0.98352
0.32017
0.36646
0.31496
0.92637
1.4348
2.7809
2.4606
-0.014197
-0.43185
0.4375
0.46156
0.068837
0.32666
0.25016
-0.48378
-0.034389
0.16138
0.64851
-0.39459
-0.52325
0.41413
0.62466
0.32858
-0.20851
0.027964
0.5033
0.01975
-0.30715
-0.17725
-0.39289
-1.152
-0.98498
-0.046976
0.72452
0.54062
1.8675
1.8421
0.96589
0.56246
-0.39181
0.46542
1.3371
0.95534
-0.41805
0.10694
0.91166
1.5796
1.5803
0.25365
-0.11023
0.011364
0.050306
0.94243
2.0017
0.80157
-0.20596
0.39822
-0.34524
0.12989
0.34281
-0.015713
0.72593
1.1906
0.37155
0.72421
0.8475
-0.018832
0.25445
0.021351
-0.20422
0.13963
0.14346
0.29006
1.4451
1.6102
0.49143
0.82279
1.1719
1.1658
0.86197
-0.17371
0.26077
0.8388
0.15916
0.96973
1.1914
0.81837
0.30031
0.84995
0.95648
0.25138
0.69498
0.57951
1.2333
1.9626
1.1217
1.82
1.089
-0.013567
-0.46112
-0.38569
0.22046
0.41899
0.76882
0.88796
0.4788
0.23878
-0.031412
0.50927
0.4148
0.70963
-0.67254
0.12361
0.68948
0.43141
0.033801
0.15816
0.1397
1.075
1.2771
0.57638
0.1589
0.11877
0.10727
0.68615
0.33042
-0.084327
-0.66661
0.33358
0.73802
0.48537
0.97505
1.1386
1.0921
0.67774
0.97019
1.1906
0.86924
0.044249
-0.023301
1.4098
1.2218
0.46974
1.1049
1.1541
0.84397
0.54024
1.0812
0.79044
0.10432
0.5303
1.017
0.7806
1.0355
0.11548
0.48606
1.0721
0.77921
1.1344
0.19494
0.79221
1.038
-0.4623
-1.0266
0.48808
1.1376
0.38058
0.72809
0.19016
0.35924
0.48784
0.29191
1.4817
1.343
1.1506
1.3825
1.0802
0.47566
0.75205
0.25988
-0.063223
0.72841
0.89714
0.45047
0.52736
0.64138
0.11104
-0.21847
-0.013037
0.80731
1.27
1.2472
1.356
1.0138
0.68423
0.54898
1.1786
1.0884
0.95063
0.76927
-0.4859
-0.29382
0.51122
0.3686
0.31992
-0.15938
-0.33646
-0.080438
0.22849
0.64816
1.0095
1.1677
1.1385
0.63774
1.0424
1.0314
0.087212
-0.40988
-0.32516
-0.48895
0.59887
0.88726
0.90945
0.72622
1.0454
1.1275
0.33911
0.52725
0.9671
-0.065706
-0.76761
-0.052382
0.35152
-0.0074803
0.74607
0.86096
1.2054
1.04
1.1737
0.93575
0.49118
0.38253
0.41172
0.071706
0.35765
0.41659
-0.11261
1.311
1.0476
-0.87126
-0.32148
-0.0287
1.0072
1.3686
0.81711
0.32007
0.39131
-0.38715
-0.5319
0.98627
0.26436
-0.4825
0.42438
0.74653
1.126
1.2419
0.71025
1.4072
1.2826
0.68545
0.69783
0.66618
-0.16452
0.076871
0.54651
-0.23796
0.1663
-0.35284
-0.18612
1.3046
0.57516
0.54976
0.78333
0.33853
0.16992
0.034081
0.35681
1.0505
0.86124
0.045792
1.2339
0.52924
0.46915
1.45
1.3504
1.4291
-0.14693
-0.29415
0.7471
0.61833
0.18702
-0.5321
-0.33486
0.16625
0.78847
0.86433
1.1612
0.39994
-0.12883
0.76248
0.31466
0.8613
1.3508
0.49986
0.31932
0.84393
0.43476
-0.52491
0.087244
0.58587
-0.01743
0.72229
1.1487
0.79548
0.81514
0.71413
0.2706
-0.42918
-0.36327
0.33325
0.22217
-0.30114
0.63281
1.4111
1.1138
-0.20707
-0.46413
0.85434
1.0312
-0.44627
0.12713
0.88857
0.91459
0.0045208
0.40127
0.69413
0.60998
-0.42641
-0.026399
-0.26923
-0.18115
0.43362
0.6099
0.91584
0.72237
0.016556
0.52153
1.1551
0.82922
-0.16454
-0.35362
0.48408
1.4206
0.9443
1.2995
1.1936
0.2389
0.051925
0.68288
1.7418
1.4771
0.5725
0.27443
0.82994
0.58577
-0.25812
-0.25694
-0.059099
-0.29403
-0.15428
0.39677
0.26201
0.082491
0.76033
1.036
0.91692
0.56414
0.52975
0.29614
0.1278
-0.66063
-0.22025
-0.27824
-0.64138
0.78942
1.7941
1.8418
0.61134
-0.24564
0.20989
0.40614
0.46019
0.60854
0.81133
0.78827
0.9713
0.87266
0.53558
0.67493
0.96568
1.3603
1.2299
0.011318
0.76132
0.98294
0.6175
-0.4254
0.61897
0.88401
-0.27421
0.13797
0.5961
0.25756
0.61508
-0.1912
-0.071847
0.48762
0.46287
-0.67824
0.21537
0.08517
0.38871
0.59847
0.80644
1.0169
0.96104
0.52055
0.47518
0.73416
0.32014
-0.048501
0.42573
0.18155
0.2216
0.082767
0.6149
1.4083
1.5403
0.33133
0.06717
0.78581
0.17573
0.10814
0.73546
0.27104
0.1027
0.84947
0.83245
1.0689
1.1859
0.24758
0.93106
1.1482
-0.12779
-0.36018
-0.17483
-0.98635
-0.3815
0.64241
0.79198
0.98062
0.91079
0.25771
-0.13746
0.26819
0.20138
0.2514
0.19452
-0.020694
0.88136
0.62819
-0.80822
-0.53877
0.48192
0.99472
0.65557
0.40752
0.67093
0.97429
1.1584
0.47475
0.52428
0.38229
0.11243
1.0859
0.75648
1.1047
1.001
0.22569
0.6466
0.35197
0.036108
0.10355
0.034983
0.41813
1.1717
0.67135
0.56948
0.4585
0.37781
0.26395
-0.131
0.56777
0.6496
-0.20128
0.023725
0.12767
-0.59391
-0.36314
-0.32408
-0.28557
-0.57829
-0.77737
-0.0098893
0.31543
0.37891
-0.11481
0.13583
0.53885
0.080023
1.8186
2.1558
1.3239
0.62297
-0.39719
-0.58223
-0.10624
0.40527
0.12124
0.32219
0.95529
0.58164
0.13614
0.21802
0.80444
0.00033524
0.36279
0.83502
0.11994
0.067852
0.67475
0.84901
0.51539
0.12755
0.28312
0.15965
0.25493
1.9703
1.7947
0.19199
0.57477
0.42174
0.044321
0.16738
0.3424
0.49217
0.82862
0.63161
0.14966
0.33128
0.2461
0.20748
1.0823
1.9947
1.0249
0.29308
0.70797
1.2731
1.1078
0.51056
0.5648
0.033002
0.10749
0.37411
-0.28493
-0.16916
0.093728
0.35576
0.22382
0.69879
0.83028
-0.022868
-0.52068
0.26913
1.1055
0.3334
-0.38375
-0.026345
0.32583
0.47447
1.1383
1.7368
0.69993
0.47046
1.0586
1.2884
1.1511
0.85748
0.42064
0.06454
0.38193
0.8905
1.157
0.19701
-0.29955
0.61646
0.74519
0.41405
0.32257
0.05882
0.62952
0.71341
-0.053237
0.23488
0.17978
0.11373
0.44599
0.86217
0.19965
-0.075958
0.5456
0.15644
0.31276
0.72
0.083746
0.33183
1.2041
1.0212
-0.31227
-0.2348
0.99163
0.75433
0.71413
0.63841
0.013041
0.28615
0.26881
0.7827
0.75982
-0.2506
-0.35821
-0.21654
0.92135
1.2972
1.0851
1.1407
0.83007
0.35629
-0.60374
0.42728
0.77383
0.42199
0.59849
0.57933
0.70295
0.178
0.61294
1.4784
0.45278
0.77481
1.763
1.6305
1.1669
0.48771
0.50458
0.98055
1.2064
1.4028
0.94869
0.88283
0.92129
0.52381
0.71242
0.78375
0.56551
0.86116
1.1208
1.284
0.79713
0.14026
0.15205
0.34165
0.56968
0.165
1.3447
1.4997
1.3799
0.86881
-0.11507
-0.1912
0.32052
0.86831
0.27172
-0.69106
-0.79599
-0.041604
1.043
1.5808
1.5749
1.0227
0.60046
0.023729
-0.57715
0.014602
-0.030049
-1.3267
-0.026579
0.89637
0.71762
0.28575
0.054549
0.54719
1.5304
1.5335
0.24393
0.14629
-0.22514
0.34982
0.82034
0.94917
0.88285
0.24416
-0.044463
-0.24027
0.90545
1.413
0.76889
0.96977
0.93644
0.081706
-0.43808
-0.060308
0.0327
0.45074
0.55712
0.20151
0.50592
0.24212
0.26487
-0.1208
-0.21689
0.72912
0.80737
1.1046
0.85055
0.51283
0.38469
0.16017
0.74006
0.8276
-0.016686
-0.2549
0.68153
0.54318
-0.11779
0.35835
0.8693
1.2131
1.9238
1.8595
1.1744
0.96168
0.93342
1.057
0.64107
-0.42187
-0.20641
-0.13725
-0.049385
0.2958
0.46245
1.2516
1.6489
1.8601
1.0928
-0.39731
0.41281
1.0217
0.75385
-0.13807
0.062366
0.090231
0.085259
0.23931
0.10135
1.2183
1.9362
0.80963
0.18849
0.66649
1.1247
-0.033676
-0.40704
-0.36881
0.28083
1.1736
0.74438
0.78378
0.56334
-0.013977
0.86398
1.109
0.892
0.95154
0.26947
0.39396
0.50461
0.78327
1.2168
1.4766
1.1119
0.95999
0.69518
-0.29738
-0.20644
0.70459
0.44683
0.46676
0.95668
1.6754
1.1081
0.22092
-0.075567
1.1575
0.30878
-0.20017
0.38422
0.40586
-0.36804
-0.78069
0.77966
0.42249
0.54328
0.82794
0.21594
0.41713
-0.20972
0.50221
0.56994
0.54105
0.90739
0.865
0.74959
0.91353
0.57462
-0.38568
0.046818
-0.42438
0.02188
0.5143
0.10857
0.15598
1.2698
0.96952
0.27242
0.38732
0.28888
0.49155
0.83025
0.066743
-0.027769
-0.48835
-0.062119
0.96265
1.1959
0.21733
0.42867
0.40191
0.25292
0.66411
0.011317
-0.58771
-0.049252
0.29654
0.51765
0.43243
0.26398
1.0709
1.3441
0.13328
0.32552
-0.26191
-0.0026311
-0.21943
-0.045158
-0.013214
-0.21839
-0.17956
0.088775
0.44431
0.089081
1.0265
0.70321
0.32693
0.54225
-0.14656
0.97809
1.0181
0.84957
1.0571
0.6703
0.15491
0.57785
0.89713
0.90036
0.11707
-0.60401
-0.4246
-0.52937
0.25239
0.55202
-0.027537
-0.019902
-0.36394
-0.63364
0.22222
-0.079961
0.39613
0.3688
-0.10787
0.017784
0.21728
0.58385
1.1
1.4633
0.58866
0.1578
0.57299
1.1748
1.6305
-0.028739
-0.41932
-0.33052
-0.33834
0.5208
0.65577
1.1563
1.2695
0.81572
1.5738
1.2236
0.60581
0.75917
0.36579
0.25275
-0.15137
0.51904
1.6767
1.46
-0.32144
0.58723
0.7881
-0.56053
-0.30643
0.12622
-0.27474
1.3835
1.0473
0.65464
1.2925
0.39391
-0.4101
1.0913
1.3115
0.15337
-0.096263
0.32529
0.62065
1.4378
1.2147
1.374
1.0433
1.2833
0.64342
1.2805
1.6134
1.2968
0.89785
0.064697
0.52107
0.99322
0.97937
0.85459
0.90448
1.1175
0.25944
-0.20042
0.27678
0.87158
0.76348
-0.05553
-0.27192
0.40065
1.2168
0.46389
0.19093
0.68971
0.63737
0.11742
-0.11426
-0.022076
0.37882
0.60948
1.5412
0.54299
0.49168
1.214
0.8399
0.05971
0.031461
0.15311
0.56521
0.76697
0.91381
0.76402
0.91835
0.52298
1.3554
0.9194
0.56659
1.6862
1.016
0.29353
0.92097
0.83745
1.023
0.96661
1.2697
0.88365
-0.18994
0.17163
0.68687
0.59395
0.74712
-0.13533
-0.28583
0.64228
-0.22442
-0.78894
-0.14245
-0.028502
0.46919
0.21448
-0.063869
0.74213
0.99307
0.52306
0.73935
1.4562
0.9159
1.172
1.8135
0.88523
0.21171
0.5124
0.36992
-0.45258
0.071318
0.79763
0.79373
0.28126
-0.008337
0.96585
1.1101
0.43491
0.13902
0.18653
0.31614
0.49858
0.31912
-0.15757
0.18098
0.50255
0.53854
0.32901
-0.44657
-0.18798
0.77439
1.587
1.3816
0.86236
0.76442
0.62483
0.17922
-0.048699
-0.22837
-0.030918
0.38169
0.92639
0.69543
0.087053
0.3494
0.0046183
-0.43893
-0.58137
-0.12058
0.61288
0.063292
0.021653
0.72265
0.91104
0.42232
0.34301
0.47554
-0.2632
0.17445
0.88481
0.89606
0.77696
0.71227
0.77363
0.4772
0.53727
0.83987
1.2986
0.22122
-0.90474
0.29046
1.3106
1.0693
0.10904
-0.14903
0.7792
1.3731
1.2932
0.1392
0.29892
-0.3583
-0.23106
0.58579
0.89754
0.74248
-0.11607
-0.056254
0.42823
-0.10306
0.16548
0.084001
0.72336
0.94246
0.47083
-0.18804
-0.58326
0.28674
1.3163
1.0635
0.32066
0.36808
0.722
0.5626
1.4693
1.0701
0.4351
-0.082995
-0.39361
0.78123
0.73975
-0.49789
0.038741
1.0017
0.94276
1.0798
0.65133
0.40266
0.52558
0.50039
0.20052
0.39807
0.4537
1.1294
1.1924
0.69776
0.90269
0.51412
0.79024
1.138
1.083
0.60397
-0.1824
0.47709
0.98182
1.1945
1.1488
0.92125
0.51876
-0.052558
0.2721
0.82207
1.3548
0.56261
0.38293
1.0535
1.3178
0.88837
0.057021
-0.067347
-0.01309
0.11542
-0.23176
-0.33146
0.11177
0.5672
1.2561
1.1512
0.49166
-0.0075198
-0.57125
0.44147
0.077967
0.20947
0.13853
0.055563
0.36253
0.83814
1.4946
0.93296
0.94462
0.28385
-0.76752
0.4273
0.81125
0.83696
-0.28344
0.26199
1.3018
1.0755
0.60332
-0.049641
0.15133
0.75954
0.78937
0.5847
0.79723
0.37251
-0.095426
-0.1271
-0.54767
-0.21446
0.74879
0.53406
0.73027
0.5351
0.15867
0.12858
0.48717
0.84724
0.42618
-0.18853
-1.2419
-1.2261
0.43805
1.6739
1.4842
0.58874
0.74317
-0.11645
0.41988
1.0108
0.14151
0.1247
0.2718
0.43654
1.0406
1.0774
0.63419
1.1923
0.049714
-0.28453
0.093527
0.1034
1.2047
0.30072
-0.051851
0.20287
0.68073
0.95021
0.084708
0.47198
0.87383
0.39679
-0.23053
0.93643
0.98433
0.62245
1.499
1.3856
1.5377
0.83
0.63075
1.5537
1.6337
1.6413
0.33582
0.37506
0.83991
0.7547
1.2402
1.0052
0.90836
0.28866
0.34418
0.9562
0.82722
0.47537
0.63148
1.636
1.2923
0.1583
0.19197
0.46561
-0.61363
-0.61347
0.69615
1.0932
-0.14651
-0.38457
0.85783
0.65169
0.62126
0.17539
0.55586
1.4605
1.1414
0.68583
0.47253
0.26096
-0.10542
0.59746
0.83299
0.54019
1.0025
0.97748
0.89578
1.1493
0.95514
-0.068879
-0.0062696
1.2485
1.029
-0.052542
0.17263
0.38284
0.79503
1.3918
0.91152
0.99922
0.70913
0.03783
-0.33623
-0.053407
0.9489
1.0258
0.32552
-0.044334
0.14604
0.82712
0.80988
0.67721
0.61107
0.46398
-0.40383
0.4821
0.40557
-1.2186
-0.69964
0.6098
0.70255
0.44884
0.33778
0.63564
0.83175
0.98166
0.29444
-0.072055
0.38854
0.42049
0.034746
-0.20022
-0.37769
-0.064333
0.6044
0.24759
0.82495
1.7814
1.5223
0.9078
0.42072
0.78968
0.8231
0.53117
0.985
0.053062
0.43353
0.58806
-0.31582
-0.10282
0.10301
-0.21165
-0.27985
0.5263
0.38896
0.0028681
0.45535
-0.22058
0.51018
-0.41121
-0.77437
0.067636
0.51994
0.8579
0.82593
0.54225
1.0826
0.90024
0.34453
0.067767
0.9011
0.29239
-0.51642
-0.20542
1.3719
1.153
0.12153
0.19073
0.77067
0.40691
0.61109
-0.078916
-0.57819
-1.6882
-0.86401
1.1463
1.3067
0.61619
0.85472
0.65067
0.12626
0.37736
0.96453
1.0959
0.25291
-0.32385
-0.42011
-0.13068
0.11135
0.42946
0.93092
1.0674
1.3923
1.6641
0.20117
-0.10334
-0.15941
0.34905
0.32324
-0.020928
-0.053635
-0.076217
0.048352
0.94204
1.3484
0.95091
0.24288
-0.98108
-1.0083
0.49868
0.75575
0.72488
0.078527
-0.0073458
0.10841
0.87551
1.6209
1.4041
0.73339
0.45977
0.27794
0.84218
1.3838
0.63085
0.54891
0.68573
0.68023
0.51244
0.48495
0.36213
-0.3543
-0.22817
-0.041972
0.79056
0.36149
0.36247
0.37001
0.63761
0.97071
0.40394
-0.067829
-0.50205
-0.127
0.92796
0.93725
0.13633
0.44068
0.82801
0.76906
0.65705
0.39381
-0.073964
-0.48056
0.41348
0.96787
1.3399
1.16
0.67097
0.97025
1.1088
1.3686
1.5622
1.4213
0.57587
-0.22281
-0.2089
-0.056445
0.06151
0.99893
0.62951
0.53566
0.14679
-0.064889
0.49637
0.28628
0.73817
0.59492
0.87552
0.57171
-0.31986
0.47765
1.4822
1.8361
1.327
1.1479
1.4778
1.6664
0.94108
0.42164
0.26718
0.056048
0.69345
1.0202
0.36107
0.81637
1.4937
1.4432
1.2127
1.1706
1.0488
0.94272
0.59009
0.29907
-0.17166
-0.0067793
0.075422
0.053511
0.16801
0.66174
0.063534
0.17768
0.46741
-0.3393
-1.2182
-0.0078743
0.50145
0.62812
0.8023
0.2868
0.63757
1.1967
0.74178
1.0177
0.9969
0.81216
0.028765
0.64687
0.066113
-0.2827
0.62326
0.46377
0.61719
0.99333
0.43372
0.71208
0.93308
0.68085
0.82751
0.84775
-0.17426
0.36523
1.1021
0.36898
0.90958
0.5708
-0.34296
0.50117
-0.25333
-0.86534
-0.064385
0.87268
1.4511
0.67895
-0.032902
0.35815
1.1974
1.8941
1.493
1.0299
0.40459
-0.21348
0.17097
0.77092
0.35882
0.66245
1.4945
1.2221
1.3472
0.98546
-0.26077
-0.48474
0.18257
0.40236
0.58749
1.1665
1.0567
1.0691
0.084478
-0.306
0.33534
1.0633
1.0172
-0.2514
0.70857
1.2787
0.72412
0.38621
0.91706
0.60973
1.0263
1.1558
-0.019515
-0.31446
-0.10719
0.26896
0.49382
0.089464
0.50053
0.31415
0.45529
0.40455
0.88479
0.01362
0.28475
0.26163
-0.27732
0.65264
1.5997
0.86524
0.4948
-0.029035
-0.62403
0.42525
1.3119
0.61313
0.34203
-0.33288
-0.2697
1.0598
1.0819
0.63126
0.76494
-0.17067
-0.88719
0.46275
1.0425
1.8499
1.4054
0.62649
0.74882
0.39648
-0.11842
-0.1911
0.60129
0.49313
-0.28618
0.16906
0.15463
0.46173
-0.38932
-0.6449
0.11247
0.11815
-0.1379
1.006
1.8253
0.80892
-0.20509
-0.36779
1.0925
1.2235
0.40601
0.50196
1.0214
0.49103
-0.16392
-0.39913
-0.70821
0.054072
0.44946
0.72844
0.74388
0.50889
1.0224
1.6323
1.2518
0.31792
0.40742
0.4048
0.31351
1.3015
1.7169
0.77992
0.63859
1.3933
0.59468
-0.14124
-0.045916
0.46284
0.64364
0.503
0.53541
0.3115
-0.1236
0.29414
0.60937
0.35435
-0.49829
-0.11491
0.71434
0.033847
-0.077482
0.40715
0.87087
0.37364
-0.13002
-0.06272
-0.6057
-0.14532
0.50963
0.27116
-0.18026
-0.49365
-0.028582
0.90348
-0.311
-1.5919
0.096162
0.4774
0.055034
1.0098
1.6307
0.98663
0.71949
0.71406
0.76148
0.59932
-0.55894
0.012572
1.0761
0.47939
0.095772
-0.24848
-0.12412
0.043005
0.17612
1.1193
1.2902
0.41316
0.35424
0.78826
1.1812
1.2678
1.2039
0.7991
0.67372
1.0518
0.88585
-0.01854
0.049818
0.10397
0.15614
0.28365
0.12218
0.83666
0.82276
0.37728
0.56495
-0.018512
0.51873
0.71242
0.82083
0.82378
1.0954
0.5292
-0.59594
-0.24357
-0.0040721
-0.27187
0.5821
1.1998
1.3085
-0.030972
-0.85406
0.60026
1.1945
0.69687
0.38027
-0.43546
-0.19564
0.25242
1.7062
1.027
-0.010899
-0.23187
0.88607
1.665
0.21572
0.25512
0.008062
-0.25718
1.7394
1.7144
0.37925
0.11684
0.24906
-0.28427
-0.10392
0.28269
0.7793
0.77365
-0.21942
-0.33165
1.2921
0.87111
-0.03443
0.91994
0.29503
0.24874
0.47376
0.030008
0.74133
0.90147
0.58233
0.70049
0.87581
0.13636
-0.36478
0.43204
0.3254
1.1179
0.9279
0.49954
1.5622
1.1636
0.67236
0.57167
1.1354
1.0857
1.0086
0.80306
-0.39814
0.059285
1.0004
1.3021
0.83785
0.4143
0.11429
0.46398
0.52546
0.38103
0.21643
0.10227
1.0939
1.1166
0.83364
0.59217
-0.18087
0.62508
1.5445
1.2515
0.72323
0.81305
-0.10727
0.069165
1.0143
0.22022
0.58707
0.4797
0.030425
0.19098
0.17645
0.84448
0.4747
0.39672
0.43924
0.53659
0.45443
0.78395
1.7145
0.99484
-0.35007
-0.24024
1.1079
1.1487
0.31317
0.36306
-0.89587
-0.65289
0.17589
0.26822
0.46848
-0.13668
-0.87743
0.20339
0.52474
0.047907
0.61004
0.60187
0.43093
0.83633
0.40554
0.30416
0.010859
0.29945
1.0347
1.2276
0.85382
0.27701
-0.42724
-0.34985
0.93537
1.2429
0.50057
-0.098592
-0.40428
-0.22416
0.15369
0.29676
0.031231
-0.3467
-0.074261
0.5241
0.60696
-0.33338
-0.93506
0.0083548
0.39012
-0.21296
1.1488
1.814
1.101
0.61839
0.42413
1.4066
0.81964
0.37542
0.88528
0.99679
0.64629
1.1752
1.8485
0.30671
0.15177
0.87148
0.61725
0.70991
1.0677
1.1414
1.3875
0.75809
-0.037574
0.37852
0.71492
0.71736
1.0958
1.1577
0.8449
0.94548
1.4665
1.363
0.21256
-0.5572
-0.71691
0.63002
1.0663
0.3791
-0.24
-0.4271
0.67588
0.4199
1.0167
0.53373
-0.73251
0.17005
-0.19907
-0.98121
-0.19104
0.13497
-0.31335
0.033292
0.96507
0.91536
0.73648
0.46914
-0.46363
-0.47011
0.17369
0.13296
0.095317
0.1928
-0.63356
-1.3852
-0.24395
-0.36437
-0.40626
0.071932
-0.016599
0.44742
0.63768
0.85054
0.65247
0.93862
1.0287
0.7018
1.4232
0.99015
0.63049
0.68361
1.1
0.41611
-0.36028
0.11032
0.3146
0.4665
0.28616
-0.038676
-0.31515
-0.78073
0.31276
-0.14655
0.0063785
0.52417
0.6507
0.15767
0.21167
0.57245
0.82671
0.44768
0.97907
1.4992
1.0363
0.39235
0.11424
0.4393
1.003
0.98026
0.81822
0.90013
0.62631
-0.47028
-0.34813
0.89265
1.3348
0.17533
-0.14165
0.61721
0.54963
1.184
1.0392
0.42064
0.081657
-0.035925
0.20009
-0.32307
0.21363
0.62309
1.1534
1.6254
0.36122
0.47587
0.21747
-0.37614
-0.082396
-0.32363
-0.54483
-0.02445
0.050619
-0.68864
0.71328
1.5733
1.275
1.1921
0.56136
0.97237
1.6872
0.73517
1.121
0.49474
-0.92515
-0.47405
0.18401
0.63435
1.1043
0.48581
0.66494
1.2705
0.24894
0.19546
1.3728
0.28103
-0.2544
0.69636
1.7926
1.1761
0.29493
0.55723
0.65931
0.085542
-0.4964
-0.63648
0.84123
1.2642
0.73899
0.85295
0.46129
0.42339
1.1953
0.24557
0.056603
0.62677
0.58214
0.45456
0.84117
0.18472
0.35633
0.79586
0.33883
0.63862
0.54396
-0.047541
0.56559
0.48252
-0.32196
-0.77293
-0.39025
0.95503
2.2403
1.3094
-0.25135
-0.010468
0.76287
1.8553
2.233
0.8993
-0.31776
-0.29255
-0.25329
0.85636
0.99161
0.26267
-0.094104
0.4825
0.38494
0.72477
0.46805
0.23185
0.27607
0.6132
0.33662
0.034253
-0.24533
0.067272
0.15224
0.13234
0.6365
1.4774
0.7165
1.2547
1.5201
1.643
0.60341
-0.15038
0.64846
1.122
1.2971
1.0854
0.86812
0.6029
0.10895
0.76311
0.89028
0.70555
0.62124
0.29798
-0.1359
0.49518
0.98476
-0.15405
-0.43021
-0.69023
0.041238
1.0113
0.75206
0.76815
0.41968
-0.018647
0.26183
1.0559
1.1543
0.51468
0.91539
0.70166
0.27986
0.73567
0.97932
0.16432
-0.44194
-0.26077
0.64689
1.1886
0.78945
0.43504
0.62262
1.1688
1.267
0.6107
0.25394
0.57507
0.42441
0.8024
1.1408
1.3213
0.91151
0.21817
1.2668
0.6316
-0.33165
0.5573
1.3633
0.48839
0.41243
1.2531
1.4141
1.4497
0.9149
0.23055
0.97286
1.1558
0.28275
0.53113
0.51596
-0.461
-0.095547
0.43826
1.1661
0.89402
0.50774
0.6274
0.219
0.01608
0.16263
0.11565
-0.35793
-0.54032
-0.086214
0.092297
1.0257
0.6826
0.26655
0.3735
0.97171
1.6872
0.73612
0.55738
0.36308
0.58024
1.7651
1.0577
0.15443
-0.38409
0.58053
1.1297
1.2231
0.82667
-0.036973
-0.021555
-0.04512
-0.035556
0.38261
0.34684
0.8216
0.56514
0.78424
0.38729
1.0744
1.242
0.46776
0.25699
0.059781
0.011486
0.16929
0.92566
1.2998
0.65102
0.12453
-0.70936
0.87692
1.0999
0.38325
-0.092328
0.32101
0.2705
0.53972
-0.12355
-0.10827
0.73337
0.69956
0.3797
-0.53506
-0.80709
1.3572
1.8077
0.54735
0.34938
0.96032
-0.64806
-0.488
-0.50538
0.3385
1.3107
1.2881
1.8595
1.5099
0.38014
0.37209
0.74759
0.54588
0.13888
-0.049739
-0.026202
0.016441
0.21992
1.0041
1.2039
1.1491
1.0111
1.1095
0.82889
0.30908
0.97093
0.083125
-0.65181
-0.37382
0.50094
0.15264
0.050098
0.78902
0.57727
0.76126
1.0253
1.7608
0.84854
-0.40867
0.6473
0.71187
0.38433
-0.029606
0.7655
1.3079
1.1371
0.96225
-0.17149
1.0251
0.77815
0.4164
1.5001
1.1237
0.47928
0.71474
0.70643
0.12343
-0.67487
-0.37122
0.33368
1.4214
1.2801
1.2638
0.91859
1.0596
1.4013
0.73925
0.38771
-0.18124
-0.60548
0.33242
0.27869
0.25416
1.0397
0.72235
0.18132
0.1028
0.52607
0.97983
0.03509
-0.55315
-0.13385
-0.8508
-1.0872
-0.32396
0.5748
0.53278
-0.10029
-0.11921
0.80505
0.75659
-0.27119
1.2959
1.6366
1.0299
2.1335
1.9495
0.94404
-0.47742
-1.0216
-0.28178
0.46579
1.3561
2.1062
2.0106
0.2686
0.099505
1.6696
1.4208
0.46942
-0.1469
0.16329
0.33753
0.51346
1.327
1.9109
1.201
1.4825
2.1714
0.96812
0.94483
1.3087
0.17548
0.77023
1.3304
1.1428
0.86023
0.215
1.1908
2.1603
1.8856
1.2525
0.64239
0.93034
0.22674
0.3249
0.42571
0.30792
0.81833
1.0594
0.8917
0.35717
-0.57878
-1.0152
0.86185
1.5065
0.75243
0.17192
-0.20075
-0.54634
-0.87973
-0.67847
-0.93684
-0.83495
-0.78433
-0.43475
0.94916
1.8647
0.91082
0.23394
0.49435
-0.26746
-0.52413
-0.84667
0.047502
0.67469
0.85799
0.47818
0.15886
0.77087
0.61096
1.1629
0.61095
0.74851
0.79166
0.14753
0.32453
0.093919
1.155
0.67616
0.75087
0.94417
0.41733
0.66992
0.44177
0.012909
-0.4516
0.32408
0.48978
0.43339
1.0185
0.73647
0.47349
0.29463
1.073
1.302
1.0939
1.0733
1.162
0.53717
1.314
1.3389
0.52395
-0.14491
0.40794
1.1366
0.9123
0.90552
1.1802
1.051
-0.41732
-0.52176
0.6101
0.62156
0.52497
0.32247
0.69198
0.5076
0.75658
0.83482
1.0003
0.58006
0.77193
0.67781
0.051065
-0.22794
-0.34708
0.84731
1.1729
0.22621
0.44472
0.36656
-0.62293
-0.55031
1.3381
1.2318
-0.33508
-0.023499
1.5737
1.2961
0.46031
0.63194
0.3901
0.27635
1.5647
0.9724
0.39668
0.73307
0.67245
1.1164
0.89654
0.08745
0.19074
-0.33466
-0.36536
1.4475
1.2747
0.38528
0.87089
0.90506
0.72122
0.31685
0.41328
0.67825
0.66386
0.66804
0.62731
0.10547
-0.32158
0.57653
1.2712
0.62802
-0.32415
-0.50296
0.62435
1.3109
1.2101
1.2872
0.82705
0.45507
0.81711
1.2476
2.0953
0.93498
0.078785
0.64944
0.22466
-0.51616
0.10431
0.32625
0.23969
0.078858
0.1727
0.59486
-0.24329
-0.052006
-0.13323
-0.07975
0.49758
0.47836
1.296
0.28872
-0.37722
-0.1867
0.92111
1.6776
1.1019
0.11636
-0.46391
0.59518
0.85534
0.35331
1.0912
0.64697
0.40332
1.4863
2.166
1.1648
0.83834
1.4032
0.63854
0.64102
1.7385
1.5849
1.5731
0.90079
-0.051424
-0.11912
1.1015
1.0819
0.97401
0.49255
-0.76984
-0.99895
0.048146
-0.28006
0.48443
1.542
0.93727
1.012
0.96853
-0.35261
-0.13746
0.058814
0.66084
0.92072
0.83501
0.28555
0.096248
0.4097
0.43185
1.0596
0.82435
-0.15135
0.10647
0.8451
0.74669
0.28557
-0.15815
-0.0076665
0.29237
0.18723
0.36483
0.68837
0.47569
1.7729
2.0245
1.7269
1.7991
0.95912
0.047151
-0.4098
-0.5676
-0.016889
0.36945
0.61491
0.68492
0.29031
0.01893
1.3103
1.1356
-0.047017
0.011763
0.40989
0.35922
0.14329
0.18376
0.93984
1.319
0.35796
-0.13523
-0.39616
0.35367
0.77482
0.32947
0.52353
-0.055415
-0.42115
0.21996
0.52832
-0.46573
-0.65541
0.27399
0.92056
1.0268
0.58746
0.31436
0.43774
0.70261
0.20594
0.66534
0.10229
-0.30406
0.30987
1.182
1.0486
1.8499
1.5538
0.035636
1.3099
1.3798
0.29666
0.56808
-0.048483
-0.5229
-0.33729
0.44758
1.0118
1.749
1.1297
1.1497
2.325
1.7385
1.1468
0.72525
0.84207
0.29296
-0.11377
-0.00026598
0.04128
1.3064
1.1701
0.34205
1.0496
0.78996
0.61807
0.83831
0.41666
-0.074415
1.2099
1.1786
0.90915
1.5841
1.2035
0.72699
1.2184
0.36617
0.61972
0.034949
-0.91093
-0.18238
0.48023
-0.25582
0.34329
0.86173
0.028886
-0.42391
-0.24958
-0.33961
0.24941
0.23941
0.10118
0.21106
0.16876
0.19812
1.3343
1.4426
0.52732
0.31003
0.39353
0.17345
0.19224
0.8842
0.60232
0.38102
0.78882
0.27175
-0.41463
0.38122
0.91594
0.41138
0.80333
1.0132
0.40206
0.25385
0.064369
-0.15857
1.3944
0.36711
-0.3342
0.67093
-0.042066
-0.077298
0.72568
1.1333
0.88511
0.76358
1.4561
0.98497
0.44873
-0.55778
0.39189
0.57744
0.84272
1.0334
0.5006
0.28987
0.074085
-0.2033
0.4732
0.51721
0.58515
-0.161
0.12195
0.16591
-0.40721
-0.16408
0.68079
1.1368
1.382
0.66031
-0.015049
1.4839
1.4042
-0.16849
0.49091
0.10448
-0.32896
-0.44938
-0.084617
0.014154
0.3807
0.69083
0.15774
0.3419
0.055122
0.30674
0.30859
0.28923
0.15584
0.32102
0.61882
-0.58217
-0.11617
1.0108
1.3441
1.0235
1.1959
1.3581
1.6363
1.4011
0.73481
0.92116
0.89246
0.88994
1.295
0.52526
-0.32176
0.65578
1.5472
0.52948
0.36318
1.3368
0.68841
0.27165
0.046576
0.15512
0.79624
0.44024
0.7418
0.89765
1.0711
1.3431
0.76588
0.68414
0.58439
1.0397
1.2823
1.3196
0.8255
0.095426
-0.31053
0.52065
1.899
1.4379
0.54204
0.91951
0.10124
-0.13281
-0.37809
0.046076
0.66939
0.57852
0.31083
-0.39147
0.4564
0.58808
0.33985
1.0758
0.9482
0.31166
-0.092613
0.34841
0.87027
1.4633
0.44726
-0.50443
0.28331
0.48779
0.60613
0.18706
-0.4267
-0.09093
1.0036
1.2091
0.76332
0.40105
-0.23659
0.41006
1.2192
0.73281
0.63277
0.66771
0.89428
1.5634
0.41078
-0.2131
0.34286
-0.13648
-0.1896
0.84161
0.52872
-0.73024
-0.67742
0.28747
0.34445
0.79916
0.43191
0.37595
0.30817
0.45481
-0.035117
0.72114
0.92332
0.17091
-0.28097
0.013155
0.39944
0.018831
0.28481
1.6381
1.7033
0.95597
0.58054
0.94379
0.74603
-0.28785
-0.77596
0.046831
0.67621
0.78325
0.63876
-0.32524
-0.80814
0.58351
1.0925
0.57645
0.39263
1.4974
1.1545
0.16505
0.74692
1.3195
0.90743
0.69313
1.1657
1.095
0.01681
0.39057
0.80492
1.4943
0.61904
0.18454
0.32107
-0.38706
-0.64256
-0.6676
0.64593
1.2391
0.73843
0.88023
1.0856
1.7208
0.7868
-0.077701
0.60504
1.7394
1.1137
-0.094596
0.52906
0.21915
-0.13264
0.54289
0.74482
0.79365
0.4275
0.49604
0.9632
1.057
1.1927
1.2445
0.15252
0.68102
0.52762
-0.67554
0.27673
0.54042
-0.67451
-0.14636
1.3397
1.6075
1.2373
0.34818
-0.38242
0.78802
1.3139
1.3166
1.2345
0.1723
-0.11859
0.98194
1.7399
1.2678
0.75784
0.60219
0.34395
0.80241
1.0341
0.89968
0.66026
0.50662
0.3289
1.1189
1.0878
0.76177
-0.10151
0.28711
0.65951
0.73322
0.56165
0.70537
0.50258
0.15452
-0.13278
-0.36571
0.13604
1.2211
0.80203
0.35964
-0.2744
-0.28562
0.91676
1.2519
0.011097
-0.42076
-0.31483
0.0077824
1.3774
1.3539
-0.022016
-0.32477
-0.29878
0.6709
2.0577
1.9373
0.81325
0.82936
0.85745
0.41442
0.1567
0.011644
-0.042144
0.059078
0.050952
0.2505
-0.13947
0.31841
0.094963
0.3099
0.34579
-0.1058
-0.72293
-0.31544
0.73747
1.5647
1.2919
0.10112
-0.187
0.96977
1.0121
0.43882
0.33042
0.91605
0.49079
0.0060916
-0.040861
0.59834
0.95974
0.35069
-0.36588
0.11017
0.46815
0.38827
1.1889
1.2282
0.20473
1.097
0.8967
0.087521
0.61717
0.044037
-0.061192
0.54268
1.3847
1.8053
1.2523
0.18281
0.26971
0.71882
0.077097
-0.56374
-1.1401
-0.28653
0.83811
0.48852
0.83318
0.98074
0.028625
-0.64269
0.63355
1.0942
0.47458
-0.24786
0.036636
0.73342
-0.20016
0.22528
0.92149
0.69975
-0.095108
0.6542
1.5685
0.47065
0.084756
0.057891
0.48886
1.0319
0.78795
0.9278
0.91438
0.23838
0.31406
0.51251
0.53808
0.15687
0.58211
1.0263
1.042
0.55383
0.64239
0.48652
0.11182
0.14881
0.69555
1.1773
0.90818
0.22597
0.66237
0.34703
0.98088
1.4318
1.3689
0.56243
-0.40779
-0.47768
0.42673
0.48151
0.38991
0.29101
0.37642
0.42857
0.73949
-0.010136
0.57713
0.84107
0.45922
1.3916
1.2081
0.95952
0.79129
0.78124
1.0932
0.65365
0.41118
0.4969
0.39695
-0.26213
0.64554
1.3114
0.99024
0.63149
0.33618
-0.058589
-0.56532
0.21928
0.14296
0.22675
-0.23173
-0.33896
0.0081727
0.47182
0.754
0.59034
0.085871
-0.57229
-0.60436
0.56596
1.0568
0.81196
0.075035
-0.30325
0.4745
1.1266
0.18756
0.86882
0.1984
-0.091853
0.80576
0.90583
0.17734
0.28491
0.42533
0.41832
0.52004
0.66146
0.36131
-0.11304
0.28416
1.2913
1.2851
0.097375
0.038045
0.19534
0.49214
1.2606
1.2638
1.7217
0.46741
0.046393
1.4255
1.1662
0.59866
0.052893
0.78472
0.91866
1.2169
0.55646
-0.15017
0.38419
0.4741
0.17962
0.46697
0.51068
0.97172
0.91708
0.73674
0.21774
-0.46088
-1.2312
0.49257
1.4889
1.3948
0.88105
-0.21792
-0.59258
-0.32195
-0.99318
-0.030145
0.23967
0.14262
0.46323
0.43302
0.88191
1.2262
-0.086419
-0.22651
0.49961
0.27591
0.2551
1.2505
1.0688
1.1788
1.767
1.8714
1.3656
1.3828
0.2594
-0.039855
0.82263
0.83297
0.53018
-0.42552
-0.19772
0.052828
-0.051855
0.79923
0.44866
0.71876
0.32065
1.0991
1.7214
0.40701
0.40835
1.5916
0.13067
-0.77736
-0.30226
0.26734
0.93802
0.97729
0.50447
0.82517
0.23666
-0.43286
0.55147
0.73926
0.74433
1.4498
0.31951
0.35271
1.0359
0.86416
0.307
0.78423
2.1671
1.5533
0.82804
1.3615
1.0092
0.047168
0.18014
-0.38175
-0.59189
-0.19124
0.57889
0.72778
0.19074
-0.046114
0.11448
0.99508
0.73776
-0.14242
0.48743
0.74337
0.91005
0.42547
-0.2344
0.087541
0.49243
0.41093
0.22008
0.59934
0.63672
0.36448
0.33909
-0.67907
0.24888
1.2265
0.62379
1.5375
1.8678
0.69266
-0.44475
-0.51978
-0.39357
0.30553
0.6929
0.96911
0.60251
0.27603
0.69297
0.59696
-0.097725
0.46653
1.6359
1.5253
1.0133
0.24664
0.34761
1.5204
1.3221
0.90701
0.44262
0.62167
0.14273
-0.39344
-0.57368
-0.1587
0.076721
0.62766
0.90927
0.94591
-0.12107
-0.5645
-0.17723
0.56894
0.91663
1.844
2.2697
1.8425
0.76754
-0.75312
-0.22219
0.75575
0.14933
1.0993
-0.34487
-0.74542
-0.5629
-0.55264
0.40394
1.2252
0.68824
-0.22265
0.99171
1.2928
1.0575
1.4808
1.2238
2.0854
1.5715
0.97191
0.95476
0.98853
0.67789
0.42203
0.76006
-0.38841
0.31005
1.3451
1.0106
1.21
0.61728
-0.064349
0.45666
1.285
1.1685
0.5736
-0.26708
0.1632
1.2018
1.3831
1.2526
0.5926
0.52916
0.68823
0.00050942
-0.081791
0.12948
0.019638
0.059399
0.067993
0.32796
0.85752
0.47678
0.13038
1.2281
1.8159
0.3924
0.34907
0.44714
0.11368
0.0050598
-0.5157
0.52299
0.092262
-0.28337
0.52011
0.0055719
0.41
0.79273
0.54309
0.16206
0.14947
0.61511
-0.24438
0.13931
-0.14799
-0.071169
0.98014
1.2146
0.54858
0.33601
0.021999
-0.035091
1.0167
0.17898
0.44435
1.4898
0.038335
0.81162
1.5271
1.2289
0.87897
0.61634
0.89042
0.39722
-0.56023
-0.36592
0.56472
0.10091
0.12461
1.0528
1.2398
1.5138
0.92322
0.22817
0.37424
0.16167
0.16083
0.9071
0.82052
0.37758
-0.1175
-0.35841
1.1329
1.1157
-0.68156
-0.45501
-0.14727
-0.30419
0.4328
1.3818
1.5238
0.16411
0.55025
0.30259
0.8501
0.67647
-0.13288
1.5894
1.6308
1.4969
1.3331
1.8158
1.5906
0.28316
-0.41973
0.18326
1.3541
0.48836
1.1497
2.1203
0.72986
0.1813
-0.16746
0.67359
0.73819
0.52802
0.2326
0.87375
0.98695
0.73523
1.3803
1.0563
-0.65946
0.078849
0.9254
0.98464
0.90119
1.0932
1.3011
1.0678
0.25226
0.86296
0.88295
-0.075194
0.3735
1.3452
0.67505
0.86554
1.085
1.5353
1.2927
0.5024
0.46325
1.6332
1.0392
0.1433
0.64129
0.92624
0.14469
-0.028225
-0.38274
-0.25998
0.15041
0.19002
-0.67732
-0.1939
-0.15323
-0.39882
0.17333
0.45256
0.27581
0.4859
0.48894
0.23145
0.76365
1.7319
0.43933
-0.532
-0.12542
-0.62279
-0.52431
-0.74127
-0.74074
-0.40699
0.16488
0.37199
0.6143
1.1586
1.0859
0.1961
0.58661
0.62263
0.94668
1.247
0.60247
1.0399
1.6944
1.0072
0.44354
0.5619
1.4324
0.62903
-0.090977
0.3041
0.93866
1.1103
0.99746
0.41069
1.2056
1.6301
0.90453
0.9045
1.0839
1.0158
0.99389
0.54282
0.014815
-0.39053
-0.42872
-0.26446
1.1448
1.5572
1.1764
1.3945
1.4275
0.7086
-0.098529
0.33587
1.3693
0.19138
-0.64297
-0.70003
-0.35404
-0.21061
0.91265
0.90144
-0.1099
0.42464
1.1565
0.40136
-0.13527
-0.20493
-0.0065123
0.15092
0.29421
0.29112
0.71079
0.54246
0.44463
0.91351
0.63575
0.28454
0.54416
-0.36412
-0.06802
0.31381
0.32627
0.31809
0.8067
0.47031
-0.28332
-0.062958
0.041108
0.60741
0.58281
-0.61447
0.3755
0.70922
0.39234
0.23139
0.58893
0.4338
-0.019835
-0.058428
1.3467
1.366
0.24651
-0.10747
0.57213
0.47347
0.65486
0.80646
0.56548
0.003093
0.49064
1.0902
0.84735
-0.12803
0.82295
1.6512
1.4902
0.80348
1.1117
1.5439
1.0298
0.52064
0.34667
0.15086
-0.3006
0.7026
1.6278
1.0386
-0.056493
0.43206
0.99724
0.70665
1.1396
1.2344
1.3908
0.30219
-1.261
-0.55745
0.41052
0.14519
-0.22381
0.33002
0.70079
0.55956
0.29845
0.5398
0.88913
0.13328
-0.28331
-0.20629
-0.47853
0.10376
0.6009
0.69325
0.84759
1.3075
0.82118
0.18181
1.1116
1.4211
-0.2306
-0.018773
1.4081
1.1863
0.4352
0.60406
0.1273
0.47851
0.03535
-0.083201
0.88519
1.0635
-0.59347
-0.32195
0.31192
0.10062
0.23064
0.14106
-0.010936
0.15833
-0.016114
0.68852
0.8319
0.25182
-0.067808
0.66219
0.97158
1.0019
0.99475
0.46545
0.79142
-0.2205
-0.54236
0.51809
1.0183
0.73317
0.36624
0.7349
1.4455
0.84158
0.28821
0.60575
0.96425
0.57745
0.85649
0.21145
0.072534
0.19905
0.73794
0.96629
0.13643
0.21914
0.72962
0.79991
0.44147
-0.1384
0.52439
0.65441
0.33986
-0.21475
-0.25755
0.62645
0.74523
0.42596
-0.11931
0.45308
0.15318
0.058269
0.33499
0.26546
0.19217
-0.51687
-0.5596
-0.23458
1.2681
1.7966
0.34759
0.9578
1.745
0.94198
-0.082416
-0.90898
-0.59192
-0.0023854
0.95875
0.64018
0.85049
0.14826
-0.38834
0.27474
0.60992
0.50584
-0.40817
-0.57487
0.38124
-0.17414
-0.3736
0.51079
1.1882
1.0169
0.54634
-0.69801
-0.32752
0.24987
0.36486
1.0395
1.2065
1.1744
0.89488
0.64848
0.81882
1.215
0.63516
0.58698
0.45707
0.055668
0.54978
0.74781
-0.50086
0.40283
1.4286
1.1318
0.80158
0.61868
0.031956
0.30767
0.75689
0.88304
0.39277
0.23602
0.31887
0.6248
-0.37705
0.10167
0.88621
0.86449
0.35703
0.68885
0.6512
-0.024786
-0.33041
0.73096
0.68124
-0.079484
0.40778
0.2973
-0.021251
0.3253
-0.0032933
0.71201
0.89027
0.8203
0.31861
0.14814
0.70308
0.087841
-0.074764
0.27865
0.70249
0.82281
0.041997
-0.63377
0.037203
0.50604
0.33252
1.0028
0.9401
0.42591
1.0674
1.3351
1.1714
0.39548
0.033435
0.04046
0.52496
0.94385
0.19163
0.0011224
0.50494
0.73732
0.74414
-0.16398
-0.19399
0.65679
1.6353
1.4891
0.10916
0.18884
0.98459
1.0892
0.2942
-0.051471
0.47406
1.0622
0.90948
0.5344
1.1821
1.4881
0.93156
0.14845
-0.053454
0.64382
1.0672
1.0348
0.52794
0.57069
-0.029392
0.37832
0.63862
1.1844
0.97119
0.084269
0.12684
1.2924
1.519
0.032078
-0.67096
0.54606
0.88656
0.96585
0.16053
-0.070095
0.36599
-0.19777
-0.16431
0.88266
0.26359
-0.14029
0.78175
1.6624
0.57589
0.35626
0.59674
-0.0010221
0.55446
0.4432
0.59017
0.20552
-0.042309
0.7704
1.0669
0.58085
0.46964
0.39431
-0.25337
0.14241
1.0261
0.90534
0.27335
0.30942
0.77948
0.62907
0.42459
0.23649
0.90517
0.55201
-0.1312
0.33452
0.85405
0.63783
1.0622
1.5315
1.3667
1.4382
0.7718
-0.85244
0.16144
0.67314
1.1242
1.3433
0.14751
-0.50407
-0.074799
0.31967
0.78205
0.3699
0.77521
1.1628
0.76255
-0.61917
-0.10392
0.61778
0.85765
0.43839
-0.088869
0.5151
1.1953
0.53531
0.67047
0.68879
0.46129
0.37131
0.10631
-0.22683
0.2947
0.67819
0.015509
0.39468
0.41926
0.67645
0.85778
0.15103
0.72349
0.74834
0.36068
-0.40812
-0.81715
0.20369
0.19709
0.38091
0.70136
-0.061305
0.14637
0.97117
0.58075
0.67095
0.26683
0.49503
0.74211
-0.3871
-0.88166
-0.25728
0.48336
-0.063923
-0.022526
0.7773
0.46604
-0.016651
0.62142
0.80221
0.38377
0.51841
0.60061
0.37044
0.1759
-0.20973
0.8561
1.1168
-0.11595
0.51764
1.2818
0.20755
-0.57497
0.13069
0.80369
0.66284
-0.43198
-0.11342
1.0557
1.19
0.93929
0.31513
-0.14838
-0.54221
0.55985
0.91658
0.013325
-0.47436
0.30377
1.3869
0.55475
0.79469
0.60348
-0.037832
0.044496
-0.35286
-0.21944
0.14325
0.26019
0.10961
0.71096
1.0496
0.87802
0.32826
0.50217
1.0145
0.78328
1.448
2.3449
2.0531
0.47358
0.2987
1.1412
1.2957
0.8087
1.5045
1.0896
0.13525
-0.046213
0.0065946
0.3187
0.31733
0.69536
0.87042
0.60202
0.61087
1.1407
1.7509
0.34853
0.33189
0.9521
0.50872
-0.20622
0.016757
0.45696
0.39225
0.44266
0.27851
-0.27932
-0.39216
-0.099521
0.08366
-0.35557
-0.1946
1.4806
1.604
0.24554
0.024193
0.70906
0.96787
0.9015
1.6237
0.63063
0.060178
0.15828
0.13728
0.34439
0.030021
-0.042717
-0.74881
-0.45325
-0.094579
0.24539
0.80178
0.67855
0.70348
0.26603
0.28083
0.1659
0.50276
1.1743
0.36966
0.14258
0.13533
0.22063
0.29781
1.1749
1.5257
0.44178
0.7619
1.1488
0.31886
0.73823
0.011868
-0.051183
1.3266
0.51713
-0.35429
-0.16681
0.27826
-0.23657
-0.034813
-0.15047
-0.11901
0.59127
0.47693
0.70032
0.079987
0.10663
1.0035
0.70728
1.285
0.446
0.82312
1.0019
-0.023163
0.019116
0.20867
0.3372
1.0347
0.94544
-0.53
-0.061642
0.68432
0.37481
0.74067
0.82731
1.0031
0.66452
0.37267
0.5708
0.66127
0.89954
0.90259
0.54576
0.23324
0.50412
0.25087
0.69107
0.29774
0.031551
0.10687
0.25637
0.46481
-0.022946
0.1679
0.21828
0.34652
0.92629
1.2079
0.95735
0.46181
0.69346
0.62719
1.2555
1.0568
1.2022
1.1041
0.28087
-0.23436
0.34333
0.78009
0.71828
0.34053
0.95567
1.4694
1.1102
0.47127
0.70301
0.56485
0.9737
0.27815
0.094993
1.1064
1.9904
1.2455
0.9041
0.83751
0.048317
-0.31492
0.30406
0.26639
0.42635
0.69146
1.1165
0.3431
0.0065649
0.22583
1.0452
1.1649
0.067828
-0.19151
-0.034504
0.013953
0.77966
0.96599
0.40859
0.48753
0.97348
-0.35988
-0.33246
1.4543
1.3879
0.2197
-0.0068134
0.82179
0.80396
0.65313
0.61292
0.50626
0.41732
0.022212
0.30934
1.0039
1.254
0.45724
0.16301
0.37087
-0.067184
0.93781
1.1164
0.51773
1.3469
1.3194
0.58578
0.47159
0.40414
-0.13252
0.22266
1.3782
-0.011706
0.23905
1.2676
1.3777
1.3272
0.76352
0.97995
0.45266
-1.16
-0.61849
0.35519
1.0207
-0.078248
-0.56777
0.1313
0.74409
1.0151
1.0217
1.1501
0.77777
0.23745
0.8672
0.61393
-0.32203
0.55771
1.5119
0.95546
0.45999
0.55617
1.0817
1.4457
1.3902
0.45617
0.50704
0.46643
-0.14279
-0.38305
0.20977
1.3165
-0.055788
-0.77878
1.0336
1.0788
0.9943
0.59579
0.86745
0.61885
0.48411
0.051579
-0.33093
0.60299
0.54149
0.41163
0.9796
1.5234
0.92746
-0.4941
-0.21527
0.79118
0.5347
0.057813
0.86361
1.9383
1.4551
0.36107
0.45933
0.86895
1.396
0.39309
0.52775
1.7775
1.3999
1.0476
1.1625
0.24837
-0.42907
0.69613
1.5167
0.56182
0.66988
0.3768
-0.29369
0.79225
1.0192
0.76608
0.075563
-0.25461
1.4435
1.4255
1.2175
0.56116
0.77451
0.65169
0.56678
0.86546
0.59493
0.98133
0.206
0.29708
0.48567
0.72203
0.97576
0.59556
1.0353
1.1115
1.047
0.97672
0.46065
1.2043
1.9372
2.2401
0.61834
0.11732
0.45069
0.070422
0.94546
1.2425
-0.25473
0.15311
0.22491
1.0024
0.62408
0.40286
0.41837
0.389
0.66093
0.22149
0.32788
1.4438
1.3372
0.56913
0.047955
0.94925
0.66337
1.1489
1.3683
0.6163
0.88127
0.09358
0.58918
1.0271
0.61286
0.33546
0.39922
1.4923
0.92564
0.59005
0.30836
0.12267
0.62456
0.48563
1.2071
1.4873
1.4134
0.75721
0.42916
1.2476
0.63069
0.41852
0.36759
0.77725
1.0935
0.62367
1.0846
1.4678
1.0516
-0.36887
-0.61564
-0.15913
-0.0076101
0.19802
-0.86911
-0.43045
-0.28499
-0.20726
0.55544
1.3948
0.52906
-0.24138
0.9863
0.79516
1.0587
0.94115
-0.16702
-0.13744
0.6626
0.6712
1.0087
0.90133
0.0016325
0.42812
1.0599
1.3024
0.83031
0.97392
0.69279
0.76876
0.77621
0.21595
-0.40899
-0.27132
0.38049
0.66274
1.3518
1.1856
0.37994
1.149
0.26963
-0.22749
0.76445
0.55711
0.40925
0.42189
0.0523
0.18724
0.060256
0.057054
0.62844
0.12538
-0.1638
-0.10877
-0.045006
0.28201
1.0856
0.35912
-0.034445
0.8473
0.2982
-0.7829
0.15944
0.33246
1.1041
0.51485
0.12099
0.66772
0.73932
0.32912
-0.067409
-0.038187
0.50832
1.0781
1.0059
0.67357
1.0295
1.5086
0.963
0.28544
-0.076068
-0.35601
0.13978
0.71829
0.98085
0.99171
0.24303
0.46285
0.54771
0.36411
-0.68399
-0.79702
-0.81395
-0.39994
-0.030493
0.0071898
0.50479
0.012551
0.2503
1.2317
0.70455
0.32035
0.1486
0.61285
0.58797
0.16255
-0.20914
-0.044383
0.08042
-0.036527
0.47487
0.36322
0.65135
0.65589
0.54655
0.50466
0.66092
0.10007
-0.71518
-0.4207
1.1872
2.0114
1.4341
0.61964
0.29816
0.19221
0.55533
1.2226
1.3931
1.2637
0.35425
-0.97221
-0.25058
-0.035429
0.22711
-0.042948
0.16261
0.41204
0.48499
0.672
1.1214
0.6319
-0.14453
-0.46435
-0.78618
0.38943
0.84118
0.28891
0.27965
0.36476
0.55181
0.48152
0.26394
-0.08036
1.0178
1.24
0.7089
0.3001
0.2666
-0.35909
0.1237
0.75497
0.39989
1.4796
1.4358
1.1838
1.479
0.76121
0.3661
0.42147
0.37343
0.075192
-0.33249
-0.16866
0.45665
-0.086441
-0.28191
-0.20084
0.18791
0.061239
0.30349
0.58199
0.63396
0.98348
0.099844
0.03558
-0.33377
-0.64508
0.13983
0.12545
0.69048
0.16346
-0.19952
0.93335
1.4405
-0.011046
-0.31493
0.50194
-0.14456
0.85563
0.87695
0.5457
1.3093
0.99072
0.70838
0.95499
0.31803
-0.49156
-0.01636
-0.62942
-0.60168
1.619
1.4641
0.81962
0.60195
0.42701
0.15501
0.90646
0.73722
0.41969
0.18225
-0.4226
-0.12419
0.20443
-0.37335
-0.035715
-0.19288
0.0050988
0.68632
1.1122
1.1198
1.6335
0.67096
-0.25716
0.65748
1.4891
0.67646
0.031214
-0.10186
-0.32581
0.13638
0.94614
1.8515
1.3216
0.22164
0.53213
0.86194
1.7418
1.4224
1.4658
1.572
1.3471
0.61228
0.89474
0.86213
0.7437
0.43769
1.3443
1.8214
1.0601
0.54206
0.65225
0.66241
0.7373
0.60741
0.28288
-0.14484
0.67325
0.57999
0.58707
0.73857
1.1798
0.66143
-0.056684
0.63177
0.77735
0.17049
0.97861
1.5758
0.52084
0.95638
0.33432
0.22466
1.2612
0.73671
-0.3973
-0.26987
-0.0025093
0.53638
0.86978
0.58982
0.85661
0.70999
-0.24677
0.1359
-0.1056
-0.52906
-0.17275
0.014619
-0.20804
0.078205
0.93037
1.5175
1.1394
0.62339
0.16271
-0.25638
-0.28795
0.65154
1.303
1.1495
0.55724
0.77412
0.98715
0.12701
0.6022
0.59936
-0.077318
-0.068819
0.74815
0.46551
0.282
0.76335
0.83639
1.1008
1.1713
1.2355
0.80213
0.78598
0.88245
1.0356
1.65
1.281
0.70013
0.50734
0.68208
0.67354
0.37929
0.39853
0.48797
1.1944
1.0907
-0.087455
-0.40126
0.37627
0.037724
-0.042425
0.88519
1.1902
0.4877
0.69951
0.49857
-0.010068
0.50432
1.0448
-0.075619
0.17264
-0.030755
0.089475
1.4766
1.2488
0.93069
0.60552
-0.1915
-0.62329
0.39849
0.69718
0.59064
0.95302
-0.11308
0.50314
1.1563
0.72008
0.22763
-0.45054
0.3933
1.069
1.8122
1.7156
0.91462
-0.24599
-0.35907
1.3122
1.4505
0.85964
1.3323
0.59211
0.064135
-0.12021
0.81615
1.8393
1.6341
0.15808
0.31508
0.73766
0.46321
0.35674
0.83001
0.29093
0.2823
1.2759
0.73814
0.90293
0.498
-0.66863
0.47074
0.56988
1.1356
1.3085
1.2112
0.33968
-0.096632
1.3476
1.4325
0.17025
-0.82848
-0.91466
-0.14975
1.5583
0.78005
-0.044167
1.4945
1.5381
1.7685
0.68854
-0.10452
0.037618
-0.11188
0.73552
0.67422
0.65293
0.97594
1.1785
1.4919
0.81418
0.88292
-0.0042651
0.18293
0.81052
0.42255
0.74482
-0.39441
0.49715
0.84366
0.40373
1.054
-0.065754
-0.21304
-0.54146
0.3046
0.85067
1.035
0.54547
0.33349
1.0959
0.43689
0.98333
0.27376
-0.43913
0.077391
-0.19116
0.028414
1.3463
1.6741
0.73235
0.76219
0.47423
0.44065
0.94611
0.55087
-0.25921
0.21531
-0.0063608
0.050187
1.1206
0.59708
0.56432
1.4627
1.1482
0.49358
1.0714
0.66251
0.89486
2
1.1488
0.87526
0.3345
0.062061
1.2907
1.4124
0.55218
1.27
1.086
0.26506
0.617
1.3466
1.3856
0.6159
0.59074
0.53682
1.313
0.19185
-0.12853
1.314
0.87448
-0.02414
0.49162
0.73943
0.71027
0.61182
0.74169
0.58568
1.0018
0.34954
1.3887
2.026
1.3065
0.3813
0.70022
0.58641
1.2335
1.4367
1.4424
0.9022
0.30384
0.39186
0.6126
0.14037
0.90712
0.46886
0.31737
1.2915
0.73654
0.67995
0.99951
0.032898
-0.40699
0.37182
1.9914
1.8184
0.70009
1.1995
0.95587
0.24899
0.69258
-0.035258
-0.74868
0.12078
0.64484
0.27343
0.51356
0.70799
0.53178
1.1044
0.60658
0.51189
0.46474
-0.38065
0.19379
-1.0937
-1.0726
-0.023603
0.48797
0.80565
1.1067
0.7297
0.30871
0.37899
1.0846
0.96557
0.08409
0.55625
0.24118
-0.48397
-0.11569
-0.099598
0.096083
0.87528
1.1429
1.727
1.3538
0.26891
0.3724
1.1762
0.87701
0.49756
0.3247
0.98276
1.1218
0.66154
0.47767
1.7677
1.9293
0.86632
0.23333
0.73796
0.30035
0.061019
-0.096316
-0.61314
-0.3207
0.27023
0.7031
0.84397
-0.18039
0.11512
0.35976
-0.27899
0.56562
1.1615
0.59255
0.42527
1.2798
0.86396
0.10062
-0.44908
0.24691
1.1852
0.83106
0.1002
0.087372
0.50121
0.82337
0.54071
-0.33801
-0.65772
0.20861
0.35149
1.2273
0.30047
-0.75234
0.018123
-0.019669
0.54182
1.2301
0.60339
-0.33032
0.00066273
0.87963
0.89206
0.5983
0.12338
0.87047
1.4321
0.99428
0.19968
-1.0884
-0.8524
-0.35658
-0.03008
0.12053
0.58618
0.38417
0.98677
1.1567
0.57354
-0.32159
-0.72032
-1.1547
-0.6557
0.57666
1.3249
0.21053
-0.96128
-0.13602
0.84902
0.10037
0.42896
0.4845
0.55602
0.23412
-0.070706
0.68567
1.4617
1.3912
0.62522
0.14997
0.48754
0.26873
0.52087
0.30311
0.18177
-0.2428
-0.9441
-0.025525
0.52342
0.16283
0.12889
0.25655
0.9808
0.72523
0.94103
0.53785
-0.18086
-0.77476
-0.15973
0.82447
1.3191
2.0378
1.9238
1.1002
1.1947
0.87656
0.58851
0.12405
0.5367
0.73542
0.16254
0.3927
1.2778
1.0536
0.67607
0.7681
0.4049
-0.097775
0.86706
1.4168
1.4681
0.67073
0.64016
1.3519
1.3189
0.70611
0.47732
1.5233
1.4073
-0.073071
0.006307
-0.34815
0.23385
0.33413
0.25376
0.7433
0.86966
-0.053344
-0.30762
-0.0091112
-0.051816
1.0527
1.311
-0.23519
0.35056
0.51934
0.76348
0.68957
0.42029
0.95316
1.0327
1.134
0.85219
0.54346
0.66517
0.33726
0.57776
0.85222
0.61517
-0.11161
-0.044642
0.3249
0.71495
0.86534
0.91879
0.49226
0.47043
0.99465
1.0809
0.4137
0.43403
0.34108
0.25446
0.25257
0.80536
0.044355
0.031748
0.43484
0.014893
0.25171
0.42215
0.76419
0.055154
-0.12941
0.83581
-0.30022
0.19772
1.2095
1.3149
1.5107
1.2934
-0.15431
-0.72457
0.82253
0.69086
-0.062635
-0.79106
-0.98744
-0.17206
0.62323
1.0532
1.614
1.603
0.34155
0.17512
0.82695
0.85516
0.05179
-0.45823
-0.035848
0.25917
1.3053
1.3637
0.34092
0.2818
0.48123
0.45282
1.121
1.9418
1.16
0.61238
0.026402
0.51473
0.64707
0.34359
0.62436
0.54099
0.66455
0.69203
1.6245
2.1296
2.0261
1.7443
0.79355
0.7204
0.58525
1.0059
0.71484
0.51909
0.3004
0.67647
0.83904
-0.13543
0.094548
0.25203
-0.064277
-0.051486
0.59411
0.77749
-0.25889
0.61241
1.0449
1.012
0.22162
-0.09552
0.93349
0.36148
0.21183
1.3291
0.82147
-0.68527
-1.2844
-0.13239
1.1149
0.92045
0.18225
-0.35382
0.14146
0.5813
0.89384
0.57302
0.84254
0.77461
-0.48649
-0.20191
1.175
1.1862
-0.16047
0.49112
1.4204
0.75351
0.57898
0.3372
0.44999
-0.05433
0.50704
0.85454
1.0396
1.1816
0.613
0.89772
0.30644
0.42067
1.4298
1.6286
1.0703
0.74965
0.77123
0.044569
-0.078407
-0.091976
-0.013236
0.8245
1.2587
1.549
1.4179
1.3722
0.10338
-0.11552
-0.6534
0.012193
0.57347
0.64582
1.2227
0.70615
0.051571
0.17887
0.35087
0.59431
0.2564
0.60912
-0.061523
0.16514
0.23807
0.38792
0.22028
-0.014028
0.31081
0.68088
0.9025
0.67527
0.70502
0.95895
0.36067
0.12363
0.6096
-0.29397
0.14305
1.1657
0.21733
1.015
1.259
0.95779
2.2626
1.2638
0.27555
-0.83295
-0.98803
-0.34032
0.83153
0.66571
0.28148
0.63521
0.7244
2.052
1.6734
-0.0057573
-0.051993
-0.20071
-0.064021
1.1775
1.3551
0.50614
0.17062
-0.073085
0.7066
1.0495
0.88655
0.74989
0.23199
0.93736
1.0554
1.9349
1.9512
0.25325
-0.60322
-0.3842
0.052275
0.37295
0.90245
1.4342
1.0697
0.74322
0.17655
0.51158
0.77427
0.65747
1.1838
0.40862
0.30287
0.074879
0.62925
2.2639
1.8956
0.28108
0.035118
0.38503
-0.22285
-0.35902
-0.58108
-0.59347
0.80857
0.93695
-0.35958
0.36895
1.4027
0.16185
-0.24167
0.37017
-0.095359
-0.54745
-0.52441
0.29824
0.80511
0.26703
-0.4775
0.027702
0.033406
0.67396
0.053645
-0.45235
-0.45291
0.50054
1.1875
0.4188
0.013424
0.49623
0.66829
-0.66603
-1.4547
-0.31796
0.66818
1.0617
0.071874
0.50924
0.4644
-0.35102
0.080552
0.37993
0.28913
-0.24467
-0.023806
0.13266
-0.13951
0.57959
0.74457
-0.018097
0.58613
0.52416
0.26877
-0.0073325
0.95874
1.9892
1.1933
0.10634
0.5867
1.0963
0.59004
1.0794
1.7396
0.94161
0.84253
0.60976
0.84338
1.1754
1.3041
0.45908
0.32851
0.87585
0.15038
0.12787
0.27747
0.15126
0.56845
0.27065
0.64138
0.93424
1.3523
0.94277
0.36108
0.5635
0.71594
1.1963
0.36022
0.33188
0.12155
0.26899
0.30532
0.094581
1.3241
1.1161
0.23098
0.023863
0.3767
0.86096
0.25867
0.4775
0.21907
0.32243
0.52734
0.45876
0.50197
0.86098
0.59059
-0.60725
0.022071
0.26596
0.21189
0.43348
0.71183
0.21392
-0.30878
0.39817
0.92393
0.78135
0.22421
-0.38524
0.20546
-0.11539
1.102
1.1592
0.75445
0.82758
1.0232
0.61959
1.1607
1.2196
0.63677
0.58691
1.1156
1.3317
1.0662
-0.47134
-0.56511
-0.54604
-0.68729
0.13015
0.40188
0.80747
1.2836
0.45277
0.34824
1.0131
0.93766
0.099109
0.91051
1.0438
1.2525
1.7097
0.93812
0.57042
0.034861
0.73812
1.6212
1.0927
0.28706
0.29839
0.36835
0.086186
0.38746
0.55548
0.53482
0.93423
0.4149
0.84978
1.5533
1.1659
0.79362
0.05612
0.32429
0.76779
0.30876
0.64751
1.0329
1.7795
1.2624
-0.032002
-0.66498
-0.56794
-0.49115
-0.31449
0.79602
0.57362
-0.083479
-0.4307
0.17422
0.88941
0.40159
0.2291
0.14136
0.48531
1.5534
1.4059
1.2538
1.0844
0.66007
1.3875
0.5813
-0.31723
0.9016
0.87575
0.60704
0.55172
1.1819
1.4555
0.6834
0.2316
0.13357
0.77927
-0.46872
0.0047181
0.19585
-1.06
-0.32998
0.94419
1.8424
1.7909
0.3068
0.3818
0.53415
-0.75908
-0.10424
0.49066
-0.6068
-0.90602
-0.28453
1.0883
0.47244
0.93321
0.79181
0.29335
0.59961
1.1715
0.79584
0.92401
1.2873
-0.084895
-0.6943
-0.24992
-0.16075
1.3166
0.4678
1.2826
0.38153
-0.46844
0.15399
0.64859
0.83617
0.1309
0.23359
-0.18707
-0.551
1.0441
1.3255
0.63776
0.56368
0.93975
0.41962
0.75205
0.78576
1.5174
1.3962
0.43224
0.34375
-0.1087
0.24404
0.7944
1.0804
0.95737
1.1749
0.55573
0.48866
1.1775
0.52405
0.34139
0.10055
0.25481
0.5214
1.2851
1.4434
0.58572
0.15569
-1.0209
-0.30318
0.28356
0.28367
-0.092242
0.23893
0.51652
0.4124
0.4745
0.23658
0.98893
0.89865
0.43078
1.1953
0.67895
0.56754
1.0069
1.4617
1.1317
1.9609
0.82077
-0.3385
0.43794
0.4083
0.5866
0.173
0.0040165
0.95197
0.44957
0.087904
-0.4694
-0.35637
0.22441
1.1119
1.5497
1.0231
0.36582
-0.47972
0.34827
1.0286
0.29375
0.15886
0.26358
0.10877
-0.050781
0.24532
0.25718
0.94065
1.0469
0.71373
1.7415
1.1398
0.1858
-0.21594
0.2454
0.38191
-0.071324
0.49756
0.06594
-1.0233
0.34768
1.7481
1.4712
-0.11517
-0.36591
1.26
1.7263
0.42736
-0.075018
0.19654
0.1108
-0.27968
1.1921
1.771
1.0807
1.1573
0.58878
0.38781
0.63604
-0.051414
0.33256
0.62039
0.97139
1.1791
0.67134
1.0222
1.5654
1.4561
1.131
0.6466
-0.28524
0.16773
1.1926
1.2491
0.50644
-0.073986
0.59969
1.2443
1.2484
0.49629
0.63862
0.94004
0.83353
-0.28339
-0.70868
0.95476
1.4566
0.094157
-0.3605
-0.75383
-0.18129
0.43769
0.22046
-0.11033
-0.13773
-0.81913
-0.84951
0.34532
0.871
0.92627
1.0661
0.41601
0.32552
-0.23561
-0.33338
0.11629
0.20017
-0.60101
-0.65679
-0.24951
0.27744
0.68488
0.27313
-0.17681
-0.35766
-0.99817
0.24409
0.53724
-0.99139
-0.72257
0.54093
0.21055
0.090958
0.43658
0.52144
0.94132
0.1419
0.31625
1.7181
1.1771
0.061765
-0.40662
-0.10074
0.055177
0.4508
1.03
1.2712
1.3981
0.70705
0.5279
0.64646
0.80532
0.12959
0.33346
0.67411
-0.3521
-0.38324
0.39889
0.80996
1.0249
0.87661
0.95675
0.88912
0.43672
0.73663
0.96202
0.47747
-0.20672
0.38954
0.45202
0.65118
0.28949
0.17541
0.47174
0.3367
-0.19446
-0.15592
0.73295
1.8669
1.5316
-0.0081508
-0.44051
0.59642
0.22614
1.1957
1.1744
1.045
0.96242
0.58481
1.432
0.82417
-0.090825
-0.546
0.020135
0.8289
0.83088
1.3505
0.29859
0.79334
0.21108
0.088074
-0.0068845
0.06229
0.85522
0.98611
1.2588
1.3575
0.74283
-0.32831
-1.0806
0.81778
1.5676
1.2952
0.8354
0.3225
0.23283
0.53744
0.66883
0.52518
1.3498
0.68505
0.22549
1.2559
0.71089
1.8368
1.4471
0.19869
1.4436
2.0158
0.48062
0.41554
1.3106
0.78364
0.51434
-0.23072
-0.60852
-0.24128
-0.23092
-0.25618
0.72415
1.1225
0.55555
0.13528
0.42838
-0.31337
-0.73607
0.41829
1.4862
0.9258
0.68582
1.7099
1.1142
-0.015511
1.3039
1.2716
1.1176
0.82117
0.88779
1.1155
1.1098
-0.62896
-0.65869
0.30783
-0.11257
-0.22676
0.20026
-0.21065
0.19081
0.18911
-0.057095
-0.44405
0.34754
-0.26179
0.14764
0.74302
0.70381
0.36592
0.46142
1.0046
0.94076
0.58263
0.50359
0.30501
0.60381
0.23245
-0.33174
0.35713
0.65169
0.16807
0.43895
0.80957
1.4195
0.074755
-0.15021
0.40972
-0.24373
-0.18322
0.14457
1.5356
0.58576
0.83107
1.1889
0.93881
0.73968
-0.32046
0.44331
1.0503
1.0695
0.69035
0.84382
0.96524
0.88713
1.2091
0.44295
-0.27111
0.88302
1.5489
0.63088
0.51285
0.51314
0.084893
-0.0028945
-0.50842
0.6747
1.392
0.70055
0.10733
1.0175
0.097432
-1.4755
-0.8878
-0.26625
0.72782
0.54748
-0.71124
-0.67375
-0.1899
0.61803
-0.43577
-0.56526
-0.19635
0.49088
1.7661
1.3969
1.1498
0.40227
-0.34141
-0.043346
0.76169
1.8221
1.1819
0.11125
-0.35487
-0.24669
0.57105
0.94935
0.76877
0.71102
0.53847
0.21803
0.57086
1.1174
0.27401
-0.99629
-0.7131
-0.35284
-0.25935
0.64867
0.52334
0.22206
1.7364
1.4897
0.10252
0.29445
-0.15863
-0.56463
-0.075342
0.20638
0.96354
1.0894
0.40103
0.52232
0.30146
0.25611
0.2769
0.51432
0.38755
-0.1016
-0.64441
-0.04373
0.8729
0.42062
-0.33556
-0.48996
0.43597
0.57473
0.30583
0.6381
0.90817
0.52861
0.15732
1.2968
1.492
1.6919
1.2665
0.78861
1.3352
1.2678
0.45762
-0.75509
0.11427
0.27879
1.1505
1.6609
1.076
1.2738
1.298
0.84063
0.46218
0.66349
0.96988
0.91567
0.49541
0.66437
1.157
0.20015
0.21841
0.069969
-0.13405
0.4737
-0.14601
-0.80218
0.71
1.2351
0.89399
1.2847
1.4606
0.99426
0.99013
0.36509
0.031161
0.30012
-0.093589
-0.10683
0.63869
0.59552
0.54438
0.47205
0.49886
0.97807
0.1489
0.42658
1.217
1.3122
1.4228
0.27446
0.036135
0.22331
-0.29704
0.66426
0.92037
0.35325
0.67412
0.89292
0.44626
0.78813
1.0551
0.98954
1.0441
1.0428
0.49194
-0.28592
0.72207
0.91879
1.0765
1.7441
1.4462
1.17
0.8929
0.56399
0.29457
0.13542
-0.025207
0.89345
0.36432
-0.38149
0.3893
0.90483
1.0256
0.22432
0.75146
1.6564
1.1571
0.59824
0.65975
0.58555
0.7765
0.14924
0.46108
0.76299
-0.12205
0.19215
0.82616
1.0097
0.99324
0.12739
0.368
1.0167
1.1848
0.66642
0.82971
0.15938
0.11916
0.86839
0.14862
-0.16146
-0.17962
0.50388
1.2458
1.305
0.86119
0.6324
0.99602
1.1005
0.97775
0.89639
-0.17612
0.42861
0.59932
0.13789
-0.4475
0.06446
0.53684
0.73469
0.96597
0.68636
0.8945
0.72891
-0.34939
-0.0073789
-0.0019506
0.26217
0.59992
0.15778
0.23506
0.40766
0.77939
0.47029
0.29571
0.2015
0.094633
0.6055
0.29647
-0.36784
-0.39571
-0.55495
0.25654
0.71525
0.98346
0.34845
0.3671
0.31968
0.54214
1.0188
0.7244
1.3053
0.624
-0.096789
0.46878
0.60434
0.96601
1.3375
0.7457
0.28316
-0.28795
-0.90794
-0.013053
0.70999
0.11645
-0.44663
-0.23192
0.87125
1.1196
0.38281
0.12301
0.98344
1.0136
-0.42387
-0.20019
0.93682
0.65546
-0.21037
0.12581
0.85055
0.47852
0.11479
0.3782
0.79061
0.87898
0.70819
0.61654
0.076867
0.53647
0.98408
0.34831
0.43465
0.9176
0.40763
0.88735
1.1052
-0.03778
0.19744
1.0979
0.50775
0.20078
1.081
1.2592
0.71389
0.28206
0.48763
0.99605
0.82642
0.16905
0.30869
0.85787
1.2714
1.6076
1.0429
0.39593
0.23723
1.2083
1.7155
1.7461
1.2413
0.82903
0.026208
-0.63096
0.23416
0.25594
-0.54673
-0.18304
0.85434
0.79693
0.29069
1.5888
2.097
0.83948
0.078921
-0.61038
-0.061501
0.641
0.56336
1.2181
1.3294
0.025728
-0.75108
0.20664
0.43877
-0.21633
-0.84127
-0.8335
0.66299
0.52061
0.29725
0.33282
0.42387
0.39366
0.85523
0.47228
0.22013
0.61367
-0.42943
-0.051257
0.2178
-0.53637
-0.017305
0.93987
1.1642
1.3398
0.96224
0.25744
0.7635
1.0907
0.35457
0.099358
0.21196
0.31392
0.608
0.89555
0.52108
0.59608
0.92944
0.27669
-0.11633
-0.66811
0.16048
1.3679
0.62935
0.098365
1.3204
1.3997
-0.17338
0.50153
1.2101
1.0956
1.48
-0.29564
-0.34139
1.5684
1.3234
0.2171
0.52858
1.1295
0.78778
1.2824
0.74025
-0.26254
-0.18123
-0.22745
0.36825
1.6513
0.60031
-0.84587
-0.51202
-0.41324
-0.024893
0.65951
-0.011445
0.31143
-0.0022059
-0.17482
0.54679
0.67096
0.34099
0.16935
0.0083065
0.018236
0.42349
0.24535
0.25107
0.96243
-0.29507
-0.51927
0.38872
0.47901
1.3133
1.5269
1.0196
1.0044
0.30179
0.37463
0.60371
-0.41138
-1.3597
0.020083
0.48404
0.25048
0.50762
-0.005267
-0.06183
0.55962
-0.44656
-0.10676
0.17512
0.40629
0.60909
0.47932
-0.047412
-0.35284
0.57282
0.34174
0.53666
1.3756
0.7165
0.78655
0.42312
0.20583
0.88608
-0.23112
-0.71425
0.15104
0.16961
0.74308
1.0642
0.81368
0.49044
0.5196
-0.51829
0.13167
1.3841
0.19659
0.62574
1.2703
0.22902
0.47384
0.86818
0.41532
0.22819
1.327
0.86463
0.22857
0.58153
1.1166
0.93204
0.46749
0.78875
1.7006
1.0279
0.69466
-0.095506
-0.32543
-0.060956
-0.41778
0.076297
0.23216
-0.26541
0.60799
1.0342
1.1938
1.0241
1.5036
1.2714
0.94995
1.0938
0.32094
-0.27852
0.53029
1.1969
0.55737
0.16835
0.55764
0.78215
1.0274
0.022038
0.45972
0.9678
0.54515
0.61376
0.79684
0.53169
-0.11728
0.0014413
0.2067
0.77402
1.9032
0.91656
0.71228
1.0031
0.74102
0.91799
0.99781
0.69629
-0.12444
-0.33583
0.80438
1.4302
1.2129
1.1973
1.249
0.73325
0.407
0.23177
0.32447
-0.19292
-0.28317
0.94172
1.0388
0.58988
0.7278
1.7
0.85845
-0.47642
0.27264
1.0507
0.54332
-0.24009
0.06135
0.23588
0.45178
0.78365
-0.89352
-0.43985
0.0099184
-0.31021
0.38814
0.37566
-0.3692
-0.14963
0.078447
-0.024961
-0.3622
0.31633
0.41687
0.47866
-0.085792
-0.068538
1.0375
0.8668
0.85362
1.1373
0.71426
0.53188
0.22885
0.91638
1.0724
0.11048
0.54077
0.99925
0.9526
0.98187
1.3455
0.5757
0.091871
0.29624
1.0233
2.1533
1.2186
0.4499
0.15661
-0.052052
0.10544
0.41897
1.6816
1.1232
0.64457
1.0542
0.56358
-0.34944
-0.12328
0.14044
0.66841
1.6116
0.62643
0.87432
0.55237
0.1989
0.69915
0.59755
0.15394
-0.30683
-0.0099924
0.53919
0.94589
1.2072
0.52751
-0.02583
0.12948
0.39901
0.76953
0.18739
-0.30046
0.26412
0.25213
-0.098606
0.65568
1.3754
1.5207
1.3096
0.49699
0.13908
0.64666
1.0253
0.78951
-0.31071
-0.60162
0.34037
0.82923
0.99895
1.1773
0.077135
0.50412
0.36394
0.047502
0.63454
0.71814
1.1458
1.3945
0.4909
-0.28226
0.69708
1.1852
0.67881
0.65679
0.63737
0.49572
1.3061
1.2872
0.59914
0.41612
0.38319
0.56127
0.23715
0.6483
0.54518
-0.14288
0.44782
0.41692
0.39279
-0.26079
-0.30964
0.51786
0.64508
0.41135
-0.045791
-0.52829
-0.53686
-0.11772
0.15408
0.77622
0.71874
0.84178
1.5852
1.1647
0.2959
0.35374
0.26074
0.0979
0.66364
1.0553
0.16394
-0.36734
0.63353
0.84365
0.21003
0.99462
1.3449
1.3428
0.67538
1.0261
0.94897
0.4635
0.044867
0.16369
0.53852
0.55919
0.10301
-0.28988
-0.25617
-0.059071
-0.19987
0.090442
-0.45738
-0.46363
-0.82764
-0.9613
0.079992
0.17921
-0.074668
0.018064
0.51259
-0.32998
-0.41067
1.1477
1.3152
1.0432
0.37019
1.7212
1.7055
0.82369
1.6247
0.92923
0.48917
0.13874
-0.080511
0.60273
0.80555
-0.31609
-0.23468
1.2791
0.79783
0.71666
0.73317
-0.49711
-0.4633
0.18713
-0.34096
-0.8281
0.14716
0.77294
0.28449
-0.44282
0.35506
1.3534
0.5611
0.071698
0.64211
0.53695
0.34283
1.2258
1.2368
1.0982
1.2866
0.33641
0.89342
0.76302
0.42395
0.63807
0.37293
0.85324
1.1451
0.77924
0.82111
1.2012
1.1402
0.69865
-0.21642
-0.062758
1.1896
0.71671
0.026509
0.33233
0.74513
0.82501
0.50982
1.0885
0.51855
-0.59552
0.94888
1.5751
1.198
0.45622
0.072007
1.2198
1.1383
0.26892
0.30398
-0.33533
-0.011985
0.44251
0.069185
-0.047387
0.27421
-0.0029949
-0.6598
-0.42155
0.17267
-0.0096602
-0.10229
-0.060213
0.52346
0.53493
0.16141
-0.29185
-0.50239
0.17181
0.24629
0.52795
0.95212
1.0236
1.0622
0.56166
0.43683
0.65995
0.51156
-0.086552
-0.18078
1.1747
0.91034
-0.12051
0.19067
0.45731
1.1336
1.3109
0.93702
0.41241
0.70466
0.41163
0.72394
0.11622
0.33895
0.61349
0.17731
0.3351
0.73119
0.79485
1.3716
0.98399
0.67215
0.77068
0.92753
0.28724
0.81397
0.23837
-0.019591
0.57582
0.7227
0.82411
0.64763
-0.056414
0.24324
0.46985
-0.19808
-0.05262
