0.389912
0.389073
0.388228
0.387373
0.386509
0.385633
0.384738
0.383824
0.382891
0.381935
0.380945
0.379926
0.378876
0.377783
0.376638
0.375448
0.374212
0.372904
0.371522
0.370074
0.368557
0.366925
0.365199
0.363378
0.361449
0.359356
0.357137
0.354785
0.352263
0.349529
0.346623
0.343537
0.340188
0.336575
0.332729
0.328643
0.324163
0.319365
0.314264
0.308831
0.302861
0.296516
0.289790
0.282581
0.274754
0.266477
0.257749
0.248360
0.238330
0.227810
0.216819
0.205016
0.192669
0.179902
0.166741
0.152816
0.138655
0.124362
0.109913
0.095278
0.080961
0.067141
0.053818
0.041321
0.030047
0.020226
0.012001
0.005753
0.001710
0.000037
0.000880
0.004318
0.010362
0.018967
0.029952
0.043170
0.058436
0.075374
0.093653
0.113128
0.133539
0.154246
0.175158
0.196208
0.217208
0.237276
0.256932
0.276044
0.294326
0.311410
0.327718
0.343198
0.357557
0.370782
0.383170
0.394714
0.405088
0.414570
0.423303
0.431296
0.438232
0.444536
0.450226
0.455240
0.459493
0.463255
0.466537
0.469243
0.471431
0.473221
0.474623
0.475538
0.476107
0.476406
0.476456
0.476183
0.475627
0.474839
0.473849
0.472643
0.471313
0.469850
0.468202
0.466375
0.464445
0.462425
0.460309
0.458118
0.455842
0.453473
0.451028
0.448539
0.446015
0.443461
0.440849
0.438206
0.435539
0.432853
0.430158
0.427458
0.424752
0.422030
0.419313
0.416601
0.413899
0.411217
0.408543
0.405880
0.403227
0.400600
0.397993
0.395409
0.392852
0.390313
0.387795
0.385300
0.382834
0.380400
0.377989
0.375603
0.373246
0.370915
0.368609
0.366329
0.364085
0.361865
0.359666
0.357494
0.355353
0.353235
0.351141
0.349075
0.347033
0.345012
0.343012
0.341039
0.339086
0.337151
0.335233
0.333339
0.331461
0.329597
0.327749
0.325916
0.324095
0.322286
0.320488
0.318698
0.316915
0.315138
0.313366
0.311597
0.309829
0.308060
0.306287
0.304510
0.302726
0.300933
0.299124
0.297303
0.295467
0.293608
0.291724
0.289815
0.287882
0.285906
0.283893
0.281843
0.279753
0.277594
0.275386
0.273125
0.270797
0.268375
0.265885
0.263322
0.260655
0.257870
0.254988
0.252003
0.248861
0.245572
0.242151
0.238592
0.234798
0.230825
0.226677
0.222332
0.217672
0.212794
0.207695
0.202295
0.196530
0.190498
0.184199
0.177474
0.170363
0.162946
0.155230
0.146961
0.138351
0.129458
0.120268
0.110565
0.100676
0.090667
0.080492
0.070157
0.059991
0.050116
0.040500
0.031408
0.023120
0.015807
0.009562
0.004703
0.001397
-0.000222
-0.000020
0.002088
0.006137
0.012122
0.019954
0.029534
0.040747
0.053338
0.067058
0.081827
0.097479
0.113452
0.129822
0.146477
0.163216
0.179543
0.195730
0.211688
0.227200
0.242001
0.256381
0.270291
0.283451
0.295906
0.307836
0.319221
0.329764
0.339714
0.349151
0.358069
0.366182
0.373840
0.381047
0.387742
0.393831
0.399537
0.404864
0.409708
0.414116
0.418205
0.421981
0.425303
0.428315
0.431073
0.433588
0.435752
0.437674
0.439374
0.440852
0.442082
0.443146
0.444040
0.444706
0.445185
0.445530
0.445746
0.445786
0.445670
0.445435
0.445089
0.444588
0.443987
0.443285
0.442469
0.441527
0.440503
0.439399
0.438193
0.436879
0.435489
0.434028
0.432471
0.430831
0.429119
0.427336
0.425452
0.423501
0.421486
0.419399
0.417210
0.414955
0.412634
0.410230
0.407729
0.405157
0.402515
0.399772
0.396934
0.394017
0.391021
0.387899
0.384679
0.381368
0.377956
0.374399
0.370733
0.366958
0.363046
0.358967
0.354756
0.350412
0.345876
0.341144
0.336250
0.331191
0.325855
0.320297
0.314534
0.308552
0.302187
0.295568
0.288691
0.281485
0.273822
0.265846
0.257553
0.248758
0.239468
0.229804
0.219773
0.209029
0.197815
0.186208
0.174206
0.161408
0.148259
0.134824
0.121021
0.106728
0.092420
0.078249
0.064125
0.050319
0.037296
0.025300
0.014371
0.005034
-0.002359
-0.007553
-0.010310
-0.010344
-0.007546
-0.001845
0.006746
0.018099
0.032071
0.048392
0.066707
0.086804
0.108398
0.130833
0.153919
0.177483
0.201265
0.224364
0.247152
0.269462
0.290993
0.311226
0.330604
0.349050
0.366209
0.382063
0.396930
0.410803
0.423338
0.434813
0.445399
0.455122
0.463644
0.471402
0.478429
0.484682
0.490057
0.494829
0.499023
0.502574
0.505503
0.507974
0.510010
0.511510
0.512590
0.513315
0.513698
0.513659
0.513338
0.512750
0.511882
0.510709
0.509329
0.507746
0.505927
0.503891
0.501693
0.499336
0.496779
0.494064
0.491218
0.488245
0.485095
0.481829
0.478454
0.474965
0.471326
0.467592
0.463766
0.459834
0.455774
0.451626
0.447395
0.443052
0.438603
0.434069
0.429449
0.424703
0.419866
0.414944
0.409927
0.404769
0.399520
0.394179
0.388718
0.383114
0.377406
0.371592
0.365621
0.359502
0.353259
0.346887
0.340303
0.333560
0.326668
0.319609
0.312271
0.304753
0.297049
0.289101
0.280838
0.272351
0.263637
0.254576
0.245150
0.235453
0.225486
0.215021
0.204175
0.193031
0.181603
0.169505
0.157127
0.144503
0.131546
0.118113
0.104594
0.091103
0.077528
0.064044
0.051075
0.038845
0.027353
0.017118
0.008550
0.001947
-0.002471
-0.004225
-0.003107
0.001049
0.008322
0.018638
0.031885
0.047789
0.065954
0.086134
0.108007
0.130852
0.154383
0.178456
0.202799
0.226385
0.249670
0.272495
0.294549
0.315310
0.335282
0.354388
0.372281
0.388916
0.404641
0.419446
0.433004
0.445546
0.457266
0.468187
0.477989
0.487046
0.495425
0.503113
0.509926
0.516175
0.521886
0.526992
0.531442
0.535448
0.539038
0.542124
0.544751
0.547021
0.548955
0.550457
0.551651
0.552560
0.553170
0.553430
0.553462
0.553266
0.552791
0.552047
0.551114
0.549992
0.548607
0.547012
0.545249
0.543323
0.541150
0.538804
0.536304
0.533645
0.530761
0.527725
0.524539
0.521181
0.517626
0.513921
0.510066
0.506016
0.501785
0.497403
0.492866
0.488097
0.483155
0.478054
0.472784
0.467238
0.461519
0.455625
0.449519
0.443127
0.436536
0.429741
0.422656
0.415271
0.407650
0.399791
0.391522
0.382938
0.374069
0.364901
0.355181
0.345128
0.334725
0.323862
0.312395
0.300521
0.288238
0.275325
0.261758
0.247716
0.233220
0.217899
0.201971
0.185627
0.168951
0.151342
0.133540
0.115702
0.097851
0.079877
0.062578
0.046276
0.031081
0.017488
0.006235
-0.002269
-0.007691
-0.009462
-0.007299
-0.001037
0.009396
0.023792
0.041903
0.063340
0.087354
0.113622
0.141665
0.170647
0.199911
0.229423
0.258807
0.287104
0.314397
0.340764
0.366032
0.389301
0.411288
0.431995
0.451263
0.468682
0.484905
0.499945
0.513594
0.525885
0.537187
0.547534
0.556703
0.564922
0.572375
0.579093
0.584842
0.589954
0.594488
0.598433
0.601677
0.604469
0.606826
0.608695
0.610076
0.611120
0.611847
0.612201
0.612205
0.611946
0.611447
0.610647
0.609601
0.608345
0.606890
0.605190
0.603315
0.601271
0.599043
0.596627
0.594070
0.591376
0.588507
0.585490
0.582352
0.579096
0.575667
0.572117
0.568460
0.564696
0.560758
0.556714
0.552565
0.548296
0.543878
0.539349
0.534711
0.529931
0.525014
0.519982
0.514833
0.509511
0.504053
0.498469
0.492752
0.486823
0.480756
0.474545
0.468158
0.461544
0.454768
0.447824
0.440638
0.433209
0.425585
0.417761
0.409608
0.401188
0.392525
0.383609
0.374242
0.364579
0.354617
0.344294
0.333429
0.322200
0.310603
0.298465
0.285724
0.272547
0.258944
0.244577
0.229617
0.214207
0.198389
0.181656
0.164549
0.147208
0.129644
0.111596
0.093801
0.076522
0.059793
0.043938
0.029716
0.017558
0.007766
0.001033
-0.002181
-0.001572
0.003111
0.011911
0.024744
0.041400
0.061292
0.084094
0.109369
0.136359
0.164304
0.193129
0.222424
0.251172
0.279358
0.307010
0.333891
0.359084
0.383182
0.406188
0.427934
0.447858
0.466656
0.484317
0.500610
0.515438
0.529261
0.542112
0.553773
0.564377
0.574169
0.583193
0.591249
0.598585
0.605289
0.611367
0.616708
0.621547
0.625901
0.629719
0.633018
0.635938
0.638489
0.640585
0.642317
0.643754
0.644902
0.645659
0.646160
0.646444
0.646516
0.646246
0.645785
0.645144
0.644305
0.643246
0.642015
0.640618
0.639030
0.637274
0.635378
0.633341
0.631104
0.628725
0.626223
0.623599
0.620768
0.617814
0.614738
0.611523
0.608139
0.604628
0.600990
0.597191
0.593231
0.589140
0.584915
0.580500
0.575928
0.571214
0.566353
0.561258
0.556011
0.550603
0.545003
0.539158
0.533136
0.526931
0.520475
0.513756
0.506823
0.499670
0.492181
0.484406
0.476368
0.468058
0.459296
0.450212
0.440804
0.431018
0.420696
0.409980
0.398864
0.387213
0.374918
0.362146
0.348894
0.334840
0.320110
0.304809
0.288944
0.272031
0.254459
0.236335
0.217632
0.197895
0.177787
0.157466
0.136797
0.115883
0.095475
0.075928
0.057259
0.040233
0.025560
0.013723
0.005114
0.000438
0.000011
0.004045
0.012584
0.025471
0.042482
0.063170
0.086765
0.112984
0.141317
0.170555
0.200400
0.230705
0.261068
0.290339
0.318986
0.346910
0.373821
0.398904
0.422904
0.445740
0.467089
0.486751
0.505268
0.522643
0.538559
0.553158
0.566772
0.579449
0.590913
0.601433
0.611156
0.620116
0.628132
0.635507
0.642264
0.648342
0.653751
0.658687
0.663158
0.667041
0.670453
0.673503
0.676203
0.678407
0.680287
0.681895
0.683243
0.684181
0.684886
0.685370
0.685621
0.685600
0.685378
0.684964
0.684331
0.683500
0.682504
0.681340
0.679960
0.678421
0.676742
0.674923
0.672881
0.670706
0.668403
0.665954
0.663309
0.660534
0.657629
0.654563
0.651326
0.647954
0.644445
0.640747
0.636894
0.632897
0.628750
0.624378
0.619854
0.615175
0.610318
0.605221
0.599952
0.594507
0.588829
0.582901
0.576772
0.570438
0.563798
0.556891
0.549745
0.542354
0.534556
0.526470
0.518097
0.509391
0.500206
0.490675
0.480785
0.470424
0.459517
0.448172
0.436381
0.423936
0.410849
0.397232
0.383089
0.367998
0.352248
0.335874
0.318803
0.300620
0.281765
0.262290
0.242000
0.220743
0.199049
0.177075
0.154537
0.131849
0.109601
0.088133
0.067349
0.048244
0.031379
0.017199
0.006116
-0.001188
-0.004401
-0.003269
0.002327
0.012298
0.026493
0.044500
0.065797
0.090035
0.116764
0.144945
0.174372
0.204766
0.235679
0.265971
0.296144
0.325940
0.354838
0.382352
0.408987
0.434626
0.458733
0.481416
0.503012
0.523495
0.542335
0.560011
0.576683
0.592356
0.606557
0.619895
0.632404
0.644019
0.654573
0.664442
0.673653
0.682056
0.689730
0.696864
0.703480
0.709408
0.714847
0.719866
0.724473
0.728519
0.732223
0.735598
0.738617
0.741224
0.743549
0.745605
0.747347
0.748802
0.750026
0.751023
0.751726
0.752211
0.752511
0.752626
0.752446
0.752091
0.751570
0.750868
0.749914
0.748794
0.747511
0.746029
0.744338
0.742481
0.740456
0.738207
0.735769
0.733162
0.730381
0.727339
0.724116
0.720714
0.717114
0.713237
0.709166
0.704895
0.700373
0.695568
0.690540
0.685284
0.679708
0.673834
0.667701
0.661303
0.654487
0.647354
0.639913
0.632134
0.623856
0.615216
0.606201
0.596712
0.586664
0.576169
0.565211
0.553594
0.541349
0.528544
0.515159
0.500879
0.485880
0.470202
0.453789
0.436197
0.417812
0.398628
0.378428
0.356982
0.334679
0.311572
0.287276
0.261938
0.235994
0.209615
0.182317
0.154908
0.127861
0.101493
0.075763
0.051845
0.030241
0.011395
-0.004077
-0.015542
-0.022647
-0.025009
-0.022477
-0.015090
-0.002922
0.013677
0.034259
0.058438
0.085745
0.115048
0.146265
0.178977
0.212544
0.245989
0.279656
0.313230
0.345882
0.377464
0.408251
0.438079
0.466149
0.492914
0.518518
0.542902
0.565349
0.586645
0.606785
0.625630
0.642983
0.659316
0.674656
0.688838
0.701923
0.714190
0.725670
0.736166
0.745883
0.754964
0.763446
0.771089
0.778211
0.784845
0.790968
0.796471
0.801582
0.806322
0.810638
0.814508
0.818066
0.821333
0.824232
0.826815
0.829143
0.831227
0.832975
0.834497
0.835802
0.836875
0.837665
0.838265
0.838675
0.838848
0.838783
0.838541
0.838122
0.837452
0.836573
0.835518
0.834286
0.832779
0.831078
0.829191
0.827103
0.824732
0.822158
0.819379
0.816351
0.813038
0.809496
0.805718
0.801627
0.797241
0.792588
0.787660
0.782334
0.776685
0.770719
0.764408
0.757616
0.750450
0.742899
0.734887
0.726327
0.717313
0.707827
0.697716
0.686967
0.675657
0.663765
0.651002
0.637518
0.623329
0.608380
0.592306
0.575384
0.557594
0.538761
0.518606
0.497432
0.475231
0.451628
0.426604
0.400468
0.373264
0.344362
0.314276
0.283293
0.251530
0.218362
0.184907
0.151493
0.118283
0.085534
0.054339
0.025244
-0.001250
-0.024297
-0.043231
-0.057566
-0.066648
-0.070250
-0.068321
-0.060829
-0.047848
-0.029926
-0.007402
0.019209
0.049031
0.081732
0.116824
0.153407
0.190830
0.229076
0.267734
0.305655
0.342992
0.379727
0.415603
0.449477
0.482180
0.513611
0.543488
0.571326
0.597796
0.622876
0.646270
0.667993
0.688457
0.707687
0.725376
0.741818
0.757216
0.771613
0.784696
0.796902
0.808291
0.818843
0.828442
0.837389
0.845715
0.853356
0.860339
0.866831
0.872857
0.878328
0.883347
0.887994
0.892288
0.896123
0.899646
0.902884
0.905831
0.908421
0.910776
0.912904
0.914774
0.916374
0.917779
0.918995
0.919968
0.920729
0.921317
0.921735
0.921909
0.921905
0.921736
0.921392
0.920803
0.920045
0.919114
0.917977
0.916601
0.915038
0.913282
0.911269
0.909008
0.906527
0.903818
0.900780
0.897468
0.893887
0.890017
0.885734
0.881129
0.876187
0.870845
0.865018
0.858782
0.852114
0.844891
0.837090
0.828760
0.819876
0.810217
0.799864
0.788827
0.777061
0.764234
0.750565
0.736012
0.720426
0.703543
0.685578
0.666492
0.645959
0.623885
0.600471
0.575691
0.548949
0.520518
0.490564
0.459106
0.425249
0.389901
0.353182
0.314990
0.275026
0.234306
0.193169
0.151610
0.110231
0.070067
0.031720
-0.004288
-0.036823
-0.065165
-0.088727
-0.106503
-0.118362
-0.124120
-0.123593
-0.116709
-0.104049
-0.085878
-0.062643
-0.035022
-0.003489
0.031451
0.068755
0.107952
0.148744
0.190632
0.232180
0.273787
0.315156
0.355764
0.394693
0.432574
0.469212
0.504054
0.536907
0.568269
0.598081
0.625812
0.651794
0.676303
0.699352
0.720441
0.740174
0.758642
0.775815
0.791463
0.806062
0.819652
0.832135
0.843552
0.854169
0.864024
0.872986
0.881221
0.888858
0.895929
0.902296
0.908174
0.913608
0.918603
0.923080
0.927214
0.931020
0.934466
0.937557
0.940388
0.942972
0.945256
0.947290
0.949127
0.950777
0.952173
0.953384
0.954432
0.955320
0.955996
0.956523
0.956905
0.957125
0.957160
0.957053
0.956804
0.956374
0.955768
0.955011
0.954098
0.952966
0.951649
0.950154
0.948467
0.946505
0.944329
0.941928
0.939260
0.936263
0.932984
0.929406
0.925448
0.921078
0.916330
0.911179
0.905476
0.899253
0.892515
0.885227
0.877134
0.868383
0.858929
0.848654
0.837348
0.825136
0.811965
0.797593
0.781886
0.764961
0.746758
0.726800
0.705187
0.681988
0.657148
0.629847
0.600652
0.569558
0.536352
0.500420
0.462517
0.422754
0.380764
0.336609
0.291193
0.244871
0.197406
0.149849
0.103118
0.057848
0.014501
-0.025548
-0.061584
-0.092911
-0.118528
-0.138170
-0.151570
-0.158369
-0.158515
-0.152511
-0.140588
-0.123092
-0.100729
-0.073961
-0.043262
-0.009711
0.026395
0.064637
0.104392
0.144434
0.185082
0.225948
0.266255
0.305471
0.343977
0.381534
0.417320
0.451532
0.484431
0.515921
0.545245
0.573076
0.599499
0.624425
0.647415
0.669115
0.689550
0.708582
0.726121
0.742590
0.758029
0.772248
0.785400
0.797710
0.809218
0.819698
0.829447
0.838549
0.847019
0.854694
0.861854
0.868522
0.874658
0.880246
0.885440
0.890258
0.894628
0.898617
0.902308
0.905713
0.908739
0.911494
0.914016
0.916310
0.918283
0.920055
0.921634
0.923004
0.924125
0.925073
0.925851
0.926422
0.926791
0.926999
0.927045
0.926875
0.926525
0.926012
0.925332
0.924407
0.923310
0.922033
0.920548
0.918807
0.916866
0.914714
0.912291
0.909583
0.906622
0.903394
0.899800
0.895868
0.891607
0.886997
0.881878
0.876338
0.870357
0.863875
0.856735
0.849032
0.840732
0.831680
0.821774
0.811091
0.799583
0.786944
0.773191
0.758365
0.742407
0.724732
0.705648
0.685105
0.662902
0.638453
0.612198
0.584098
0.553714
0.520742
0.485757
0.448849
0.409319
0.367722
0.324753
0.280777
0.235246
0.189748
0.145023
0.101613
0.060000
0.021563
-0.013097
-0.043388
-0.068596
-0.088399
-0.102599
-0.110868
-0.113405
-0.110498
-0.102376
-0.089495
-0.072417
-0.051565
-0.027457
-0.001104
0.027462
0.057803
0.089133
0.120810
0.152988
0.185346
0.217049
0.248060
0.278558
0.308365
0.336623
0.363874
0.390171
0.415382
0.438872
0.461347
0.482789
0.502998
0.521797
0.539652
0.556573
0.572301
0.586969
0.600834
0.613917
