-50.029
-64.544
-71.367
-70.273
-61.934
-47.653
-29.185
-8.588
11.935
30.243
44.476
53.245
55.753
51.875
42.182
27.894
10.729
-7.308
-24.174
-38.012
-47.361
-51.326
-49.689
-42.911
-32.031
-18.476
-3.86
10.213
22.324
31.378
36.704
38.081
35.705
30.113
22.101
12.64
2.78
-6.467
-14.245
-19.936
-23.201
-23.972
-22.427
-18.956
-14.099
-8.476
-2.71
2.635
7.1
10.358
12.237
12.723
11.947
10.146
7.616
4.664
1.583
-1.368
-3.974
-6.069
-7.536
-8.291
-8.283
-7.486
-5.917
-3.653
-0.848
2.261
5.38
8.188
10.388
11.746
12.111
11.412
9.649
6.883
3.238
-1.088
-5.81
-10.565
-14.92
-18.406
-20.556
-20.961
-19.344
-15.616
-9.931
-2.686
5.508
13.883
21.6
27.827
31.828
33.044
31.158
26.15
18.314
8.246
-3.188
-14.926
-25.806
-34.687
-40.572
-42.727
-40.774
-34.745
-25.096
-12.681
1.333
15.574
28.607
39.088
45.905
48.307
45.986
39.121
28.361
14.759
-0.335
-15.411
-28.954
-39.604
-46.297
-48.379
-45.668
-38.472
-27.553
-14.04
0.682
15.114
27.798
37.458
43.133
44.276
40.818
33.176
22.208
9.118
-4.675
-17.686
-28.521
-36.036
-39.467
-38.518
-33.388
-24.728
-13.558
-1.147
11.132
21.949
30.159
34.925
35.796
32.745
26.159
16.793
5.687
-5.949
-16.864
-25.906
-32.135
-34.923
-34.009
-29.526
-21.986
-12.215
-1.268
9.693
19.525
27.229
32.051
33.562
31.687
26.709
19.22
10.055
0.192
-9.348
-17.612
-23.811
-27.396
-28.112
-26.011
-21.44
-14.992
-7.438
0.367
7.578
13.456
17.445
19.228
18.751
16.225
12.089
6.956
1.529
-3.485
-7.467
-9.962
-10.736
-9.799
-7.403
-3.996
-0.159
3.482
6.349
7.986
8.122
6.705
3.905
0.098
-4.179
-8.302
-11.636
-13.627
-13.869
-12.167
-8.571
-3.384
2.857
9.434
15.524
20.297
23.025
23.181
20.522
15.143
7.488
-1.681
-11.363
-20.433
-27.774
-32.414
-33.651
-31.147
-24.981
-15.657
-4.065
8.607
20.997
31.708
39.467
43.268
42.499
37.028
27.245
14.042
-1.264
-17.063
-31.626
-43.292
-50.659
-52.756
-49.159
-40.061
-26.264
-9.116
9.622
27.958
43.882
55.591
61.695
61.382
54.513
41.648
23.995
3.298
-18.346
-38.693
-55.591
-67.2
-72.194
-69.902
-60.397
-44.491
-23.675
0.033
24.281
46.625
64.781
76.862
81.58
78.379
67.487
49.9
27.276
1.768
-24.185
-48.098
-67.686
-81.077
-86.988
-84.838
-74.807
-57.809
-35.411
-9.682
17.003
42.185
63.553
79.152
87.57
88.058
80.595
65.881
45.266
20.621
-5.837
-31.742
-54.785
-72.925
-84.553
-88.638
-84.806
-73.381
-55.353
-32.302
-6.26
20.46
45.467
66.494
81.607
89.374
89.007
80.442
64.359
42.138
15.744
-12.434
-39.794
-63.754
-81.995
-92.683
-94.655
-87.551
-71.873
-48.959
-20.89
9.701
39.86
66.599
87.19
99.446
101.96
94.257
76.899
51.432
20.268
-13.536
-46.572
-75.426
-97.026
-108.98
-109.83
-99.256
-78.136
-48.473
-13.223
24.002
59.306
88.914
109.59
118.98
115.92
100.53
74.273
39.809
0.703
-38.927
-74.844
-103.16
-120.75
-125.62
-117.13
-96.078
-64.634
-26.111
15.38
55.372
89.523
114.1
126.39
125.04
110.15
83.365
47.626
6.877
-34.377
-71.578
-100.62
-118.32
-122.76
-113.52
-91.723
-59.909
-21.729
18.452
56.06
86.827
107.28
115.14
109.58
91.331
62.606
26.813
-11.822
-48.754
-79.651
-100.9
-110.02
-105.97
-89.255
-61.857
-27.031
11.097
48.005
79.307
101.27
111.25
108.01
91.891
64.723
29.66
-9.213
-47.353
-80.291
-104.15
-116.09
-114.66
-99.938
-73.554
-38.48
1.298
41.244
76.791
103.86
119.35
121.46
109.9
85.97
52.348
12.815
-28.185
-66.063
-96.6
-116.42
-123.38
-116.78
-97.44
-67.591
-30.609
9.375
47.954
80.926
104.77
117.02
116.52
103.55
79.733
47.869
11.562
-25.171
-58.363
-84.529
-101.05
-106.41
-100.39
-83.994
-59.328
-29.317
2.641
33.074
58.817
77.352
87.047
87.3
78.546
62.161
40.257
15.418
-9.612
-32.233
-50.258
-62.126
-67.032
-64.958
-56.621
-43.344
-26.859
-9.087
8.093
23.042
34.521
41.79
44.631
43.308
38.472
31.03
22.001
12.383
3.038
-5.381
-12.458
-18.009
-22.036
-24.661
-26.058
-26.386
-25.743
-24.14
-21.511
-17.742
-12.727
-6.43
1.051
9.434
18.231
26.754
34.171
39.589
42.17
41.253
36.469
27.83
15.788
1.227
-14.589
-30.13
-43.763
-53.927
-59.331
-59.118
-52.997
-41.308
-25.019
-5.646
14.897
34.492
51.054
62.765
68.285
66.912
58.676
44.353
25.39
3.76
-18.253
-38.303
-54.249
-64.391
-67.665
-63.767
-53.188
-37.163
-17.523
3.512
23.592
40.513
52.462
58.23
57.339
50.093
37.522
21.253
3.304
-14.166
-29.112
-39.854
-45.264
-44.898
-39.027
-28.592
-15.07
-0.281
13.842
25.5
33.247
36.169
33.991
27.105
16.518
3.71
-9.55
-21.444
-30.337
-34.994
-34.738
-29.541
-20.035
-7.433
6.625
20.276
31.684
39.273
41.937
39.188
31.227
18.927
3.734
-12.507
-27.854
-40.278
-48.121
-50.255
-46.23
-36.347
-21.631
-3.728
15.285
33.138
47.638
56.928
59.721
55.466
44.438
27.722
7.112
-15.092
-36.34
-54.127
-66.29
-71.263
-68.269
-57.422
-39.726
-16.976
8.431
33.754
56.207
73.264
82.938
84.005
76.146
59.993
37.078
9.674
-19.432
-47.236
-70.828
-87.703
-96.021
-94.808
-84.058
-64.739
-38.693
-8.45
23.03
52.648
77.478
95.057
103.63
102.31
91.178
71.28
44.491
13.354
-19.172
-50.003
-76.22
-95.35
-105.6
-106.02
-96.582
-78.209
-52.633
-22.259
10.078
41.375
68.748
89.698
102.34
105.58
99.191
83.844
61.016
32.857
1.979
-28.784
-56.64
-79.093
-94.167
-100.58
-97.848
-86.328
-67.171
-42.215
-13.807
15.42
42.79
65.837
82.521
91.42
91.843
83.895
68.45
47.064
21.823
-4.867
-30.504
-52.736
-69.574
-79.572
-81.958
-76.689
-64.441
-46.53
-24.776
-1.32
21.583
41.783
57.433
67.171
70.236
66.538
56.648
41.72
23.359
3.446
-16.055
-33.292
-46.706
-55.168
-58.075
-55.386
-47.595
-35.665
-20.903
-4.831
10.978
25.048
36.137
43.344
46.183
44.609
38.998
30.094
18.913
6.632
-5.537
-16.468
-25.226
-31.147
-33.887
-33.429
-30.057
-24.298
-16.85
-8.501
-0.049
7.771
14.347
19.227
22.146
23.022
21.946
19.154
15
9.914
4.362
-1.186
-6.297
-10.593
-13.781
-15.663
-16.147
-15.248
-13.088
-9.883
-5.928
-1.578
2.781
6.762
10.005
12.215
13.183
12.816
11.143
8.325
4.647
0.494
-3.684
-7.419
-10.277
-11.912
-12.103
-10.793
-8.103
-4.327
0.094
4.618
8.667
11.697
13.268
13.106
11.149
7.559
2.723
-2.797
-8.321
-13.133
-16.573
-18.119
-17.458
-14.538
-9.58
-3.07
4.289
11.651
18.125
22.881
25.256
24.84
21.538
15.594
7.578
-1.666
-11.116
-19.684
-26.35
-30.288
-30.972
-28.249
-22.369
-13.959
-3.957
6.5
16.217
24.078
29.19
30.988
29.301
24.373
16.833
7.612
-2.164
-11.319
-18.765
-23.639
-25.415
-23.967
-19.582
-12.923
-4.942
3.25
10.527
15.904
18.676
18.511
15.501
10.151
3.303
-3.979
-10.561
-15.399
-17.698
-17.031
-13.411
-7.302
0.438
8.673
16.147
21.664
24.255
23.325
18.758
10.953
0.8
-10.414
-21.162
-29.876
-35.158
-35.99
-31.898
-23.055
-10.298
4.938
20.777
35.126
45.946
51.523
50.725
43.184
29.396
10.707
-10.807
-32.56
-51.761
-65.761
-72.407
-70.343
-59.233
-39.858
-14.09
15.287
44.86
70.985
90.219
99.76
97.821
83.906
58.943
25.25
-13.67
-53.484
-89.513
-117.27
-133.02
-134.24
-119.99
-91.103
-50.155
-1.25
50.397
99.016
138.93
165.22
174.32
164.47
136
91.361
34.922
-27.491
-89.195
-143.39
-183.9
-205.9
-206.48
-185.01
-143.23
-85.189
-16.751
54.952
122.3
178.02
215.95
231.77
223.51
191.74
139.59
72.422
-2.754
-78.017
-145.41
-197.79
-229.63
-237.6
-220.93
-181.49
-123.54
-53.302
21.749
93.703
155.06
199.54
222.73
222.54
199.41
156.2
97.865
30.855
-37.597
-100.28
-150.81
-184.24
-197.61
-190.2
-163.51
-121.02
-67.806
-9.839
46.628
95.773
132.81
154.46
159.24
147.51
121.4
84.416
41.027
-3.883
-45.564
-79.912
-103.87
-115.71
-115.09
-103.06
-81.756
-54.15
-23.604
6.517
33.224
54.2
67.983
74.041
72.714
65.072
52.692
37.405
21.036
5.194
-8.889
-20.435
-29.117
-34.991
-38.375
-39.712
-39.427
-37.822
-35.009
-30.914
-25.32
-17.971
-8.697
2.464
15.16
28.673
41.932
53.588
62.158
66.209
64.57
56.542
42.064
21.821
-2.738
-29.476
-55.754
-78.685
-95.471
-103.74
-101.89
-89.32
-66.613
-35.535
1.085
39.612
75.983
106.15
126.53
134.49
128.63
109.03
77.278
36.376
-9.574
-55.777
-97.261
-129.43
-148.57
-152.33
-139.97
-112.53
-72.712
-24.651
26.551
75.366
116.46
145.29
158.63
154.95
134.59
99.722
54.167
2.911
-48.429
-94.239
-129.54
-150.54
-155.04
-142.69
-114.98
-75.117
-27.588
22.301
69.042
107.53
133.64
144.68
139.65
119.38
86.386
44.579
-1.218
-45.824
-84.301
-112.51
-127.56
-128.13
-114.54
-88.732
-53.931
-14.295
25.609
61.327
89.018
105.87
110.4
102.54
83.655
56.313
23.939
-9.595
-40.443
-65.228
-81.418
-87.586
-83.54
-70.295
-49.896
-25.138
0.811
24.808
44.116
56.718
61.534
58.504
48.549
33.408
15.374
-3.018
-19.328
-31.52
-38.212
-38.823
-33.623
-23.661
-10.604
3.513
16.562
26.622
32.225
32.551
27.531
17.85
4.848
-9.658
-23.622
-35.039
-42.22
-44.012
-39.956
-30.355
-16.247
0.722
18.5
34.886
47.807
55.579
57.124
52.106
40.979
24.943
5.794
-14.286
-32.996
-48.185
-58.112
-61.647
-58.408
-48.798
-33.949
-15.591
4.166
23.072
39.004
50.21
55.509
54.423
47.219
34.873
18.946
1.394
-15.669
-30.226
-40.599
-45.645
-44.886
-38.559
-27.57
-13.379
2.19
17.168
29.683
38.179
41.603
39.526
32.193
20.492
5.845
-9.959
-24.98
-37.35
-45.489
-48.297
-45.286
-36.637
-23.196
-6.381
11.972
29.808
45.087
56.015
61.248
60.045
52.353
38.822
20.738
-0.11
-21.611
-41.556
-57.868
-68.815
-73.192
-70.442
-60.723
-44.89
-24.416
-1.249
22.38
44.172
61.99
74.075
79.218
76.887
67.276
51.288
30.446
6.746
-17.543
-40.099
-58.778
-71.816
-78.002
-76.789
-68.347
-53.537
-33.827
-11.148
12.297
34.245
52.597
65.616
72.096
71.48
63.906
50.191
31.748
10.442
-11.592
-32.159
-49.219
-61.091
-66.617
-65.279
-57.25
-43.377
-25.096
-4.289
16.906
36.306
51.904
62.074
65.738
62.486
52.615
37.105
17.525
-4.131
-25.639
-44.769
-59.517
-68.309
-70.164
-64.799
-52.669
-34.917
-13.277
10.107
32.886
52.747
67.648
76.032
76.986
70.341
56.689
37.322
14.107
-10.703
-34.694
-55.529
-71.184
-80.144
-81.546
-75.265
-61.915
-42.787
-19.719
5.085
29.276
50.585
67.041
77.164
80.1
75.688
64.47
47.615
26.793
4.011
-18.598
-38.972
-55.319
-66.279
-71.036
-69.368
-61.65
-48.795
-32.144
-13.332
5.886
23.795
38.874
49.927
56.171
57.289
53.437
45.202
33.527
19.602
4.746
-9.723
-22.595
-32.875
-39.847
-43.117
-42.619
-38.597
-31.56
-22.226
-11.454
-0.177
10.676
20.239
27.774
32.722
34.739
33.719
29.799
23.345
14.923
5.253
-4.84
-14.493
-22.875
-29.252
-33.047
-33.89
-31.651
-26.458
-18.698
-8.989
1.861
12.918
23.193
31.724
37.666
40.367
39.442
34.822
26.773
15.887
3.045
-10.649
-23.968
-35.666
-44.602
-49.848
-50.789
-47.184
-39.206
-27.436
-12.822
3.403
19.824
34.973
47.462
56.11
60.06
58.857
52.504
41.468
26.646
9.29
-9.103
-26.925
-42.604
-54.747
-62.271
-64.497
-61.221
-52.728
-39.771
-23.495
-5.335
13.124
30.286
44.694
55.15
60.821
61.304
56.654
47.365
34.319
18.704
1.902
-14.63
-29.489
-41.445
-49.547
-53.206
-52.238
-46.873
-37.727
-25.728
-12.028
2.113
15.439
26.815
35.314
40.301
41.473
38.882
32.918
24.27
13.855
2.729
-8.018
-17.361
-24.441
-28.649
-29.676
-27.543
-22.592
-15.449
-6.954
1.925
10.195
16.941
21.423
23.153
21.947
17.948
11.612
3.663
-4.982
-13.308
-20.315
-25.126
-27.089
-25.851
-21.407
-14.11
-4.644
6.035
16.795
26.441
33.844
38.065
38.468
34.805
27.256
16.431
3.319
-10.804
-24.5
-36.318
-44.955
-49.4
-49.053
-43.804
-34.055
-20.687
-4.983
11.505
27.114
40.243
49.528
53.985
53.117
46.979
36.169
21.785
5.305
-11.565
-27.071
-39.602
-47.863
-51.02
-48.791
-41.477
-29.934
-15.479
0.263
15.535
28.653
38.189
43.133
43.004
37.9
28.487
15.918
1.704
-12.462
-24.904
-34.151
-39.11
-39.185
-34.355
-25.174
-12.717
1.535
15.87
28.539
37.966
42.936
42.752
37.324
27.191
13.466
-2.291
-18.255
-32.553
-43.481
-49.714
-50.454
-45.528
-35.411
-21.171
-4.351
13.199
29.532
42.823
51.576
54.797
52.114
43.817
30.834
14.626
-2.985
-20.027
-34.606
-45.132
-50.498
-50.21
-44.435
-33.971
-20.14
-4.626
10.737
24.175
34.188
39.72
40.274
35.963
27.485
16.032
3.132
-9.535
-20.349
-27.949
-31.404
-30.33
-24.936
-16
-4.768
7.207
18.268
26.873
31.791
32.272
28.145
19.849
8.384
-4.817
-18.061
-29.614
-37.92
-41.798
-40.601
-34.303
-23.52
-9.444
6.297
21.829
35.262
44.919
49.547
48.482
41.739
30.027
14.67
-2.54
-19.556
-34.319
-45.02
-50.323
-49.545
-42.748
-30.747
-15.016
2.491
19.577
34.078
44.129
48.411
46.317
38.044
24.58
7.591
-10.774
-28.144
-42.223
-51.08
-53.399
-48.662
-37.229
-20.313
0.152
21.725
41.744
57.644
67.273
69.169
62.753
48.431
27.574
2.383
-24.348
-49.549
-70.229
-83.838
-88.576
-83.626
-69.266
-46.858
-18.708
12.186
42.468
68.804
88.254
98.611
98.654
88.289
68.57
41.581
10.211
-22.162
-52.051
-76.248
-92.187
-98.23
-93.849
-79.674
-57.414
-29.648
0.473
29.596
54.55
72.711
82.284
82.494
73.648
57.078
34.962
10.049
-14.674
-36.34
-52.533
-61.567
-62.662
-56.02
-42.772
-24.823
-4.602
15.247
32.197
44.147
49.675
48.208
40.075
26.455
9.218
-9.319
-26.69
-40.597
-49.198
-51.342
-46.699
-35.8
-19.96
-1.117
18.414
36.223
50.103
58.321
59.826
54.374
42.556
25.719
5.8
-14.91
-34.043
-49.432
-59.36
-62.762
-59.337
-49.571
-34.667
-16.391
3.148
21.749
37.375
48.391
53.742
53.061
46.693
35.625
21.352
5.671
-9.539
-22.555
-32.008
-37.038
-37.369
-33.315
-25.711
-15.779
-4.954
5.309
13.728
19.348
21.65
20.594
16.605
10.489
3.308
-3.777
-9.675
-13.514
-14.76
-13.283
-9.372
-3.682
2.86
9.202
14.321
17.369
17.804
15.468
10.614
3.875
-3.824
-11.395
-17.738
-21.902
-23.216
-21.392
-16.572
-9.317
-0.543
8.604
16.889
23.161
26.502
26.362
22.638
15.703
6.372
-4.193
-14.625
-23.525
-29.643
-32.052
-30.277
-24.373
-14.935
-3.033
9.907
22.274
32.473
39.123
41.243
38.383
30.692
18.914
4.311
-11.476
-26.618
-39.31
-47.986
-51.512
-49.329
-41.533
-28.871
-12.67
5.315
23.094
38.674
50.285
56.595
56.859
51.015
39.689
24.126
6.042
-12.571
-29.669
-43.394
-52.284
-55.432
-52.586
-44.164
-31.201
-15.219
1.953
18.391
32.292
42.181
47.066
46.54
40.819
30.702
17.471
2.731
-11.781
-24.401
-33.73
-38.789
-39.121
-34.829
-26.552
-15.37
-2.673
10.016
21.218
29.669
34.461
35.137
31.722
24.711
14.994
3.742
-7.736
-18.15
-26.37
-31.554
-33.226
-31.317
-26.157
-18.415
-9.018
0.975
10.491
18.569
24.458
27.684
28.084
25.802
21.254
15.059
7.958
0.72
-5.945
-11.459
-15.428
-17.668
-18.205
-17.244
-15.118
-12.235
-9.005
-5.792
-2.868
-0.388
1.603
3.161
4.409
5.499
6.568
7.707
8.933
10.182
11.31
12.117
12.371
11.853
10.389
7.895
4.4
0.063
-4.831
-9.895
-14.672
-18.689
-21.506
-22.775
-22.277
-19.952
-15.913
-10.432
-3.917
3.119
10.114
16.502
21.767
25.484
27.358
27.238
25.131
21.19
15.704
9.066
1.746
-5.746
-12.895
-19.211
-24.268
-27.72
-29.327
-28.962
-26.622
-22.423
-16.605
-9.512
-1.581
6.679
14.709
21.934
27.797
31.799
33.543
32.777
29.424
23.612
15.685
6.191
-4.149
-14.49
-23.93
-31.59
-36.699
-38.68
-37.218
-32.312
-24.295
-13.819
-1.806
10.626
22.269
31.945
38.63
41.568
40.359
35.022
26.006
14.158
0.652
-13.132
-25.742
-35.813
-42.211
-44.166
-41.363
-33.997
-22.759
-8.783
6.47
21.36
34.243
43.653
48.47
48.05
42.308
31.742
17.387
0.716
-16.511
-32.44
-45.314
-53.668
-56.492
-53.344
-44.412
-30.506
-12.982
6.394
25.621
42.682
55.753
63.397
64.724
59.488
48.119
31.687
11.792
-9.598
-30.347
-48.371
-61.853
-69.424
-70.303
-64.378
-52.21
-34.973
-14.338
7.697
29.004
47.535
61.524
69.656
71.197
66.057
54.792
38.544
18.919
-2.177
-22.733
-40.825
-54.807
-63.46
-66.097
-62.616
-53.49
-39.707
-22.658
-3.998
14.521
31.21
44.593
53.536
57.339
55.791
49.175
38.239
24.11
8.182
-8.017
-22.981
-35.357
-44.075
-48.44
-48.184
-43.476
-34.892
-23.348
-10
3.868
16.968
28.124
36.378
41.065
41.862
38.806
32.281
22.969
11.786
-0.206
-11.902
-22.25
-30.345
-35.508
-37.344
-35.773
-31.025
-23.616
-14.287
-3.938
6.465
15.985
23.798
29.275
32.025
31.923
29.106
23.945
17
8.957
0.557
-7.475
-14.49
-19.972
-23.572
-25.127
-24.667
-22.39
-18.632
-13.825
-8.438
-2.932
2.291
6.918
10.745
13.673
15.695
16.868
17.277
17.009
16.121
14.631
12.523
9.762
6.321
2.209
-2.498
-7.632
-12.924
-18.007
-22.441
-25.747
-27.466
-27.204
-24.701
-19.873
-12.864
-4.056
5.934
16.291
26.065
34.26
39.942
42.344
40.97
35.671
26.696
14.691
0.667
-14.095
-28.157
-40.082
-48.58
-52.655
-51.723
-45.69
-34.982
-20.523
-3.656
13.981
30.613
44.513
54.174
58.488
56.867
49.335
36.544
19.73
0.595
-18.865
-36.57
-50.587
-59.342
-61.807
-57.623
-47.148
-31.434
-12.123
8.732
28.881
46.125
58.555
64.762
63.994
56.25
42.281
23.522
1.938
-20.182
-40.467
-56.718
-67.145
-70.563
-66.526
-55.38
-38.235
-16.849
6.556
29.539
49.696
64.92
73.619
74.89
68.601
55.409
36.674
14.312
-9.413
-32.134
-51.617
-65.989
-73.921
-74.743
-68.498
-55.917
-38.326
-17.499
4.53
25.671
43.988
57.874
66.198
68.394
64.485
55.061
41.19
24.296
5.999
-12.043
-28.295
-41.478
-50.663
-55.331
-55.38
-51.098
-43.1
-32.243
-19.529
-6.009
7.298
19.479
29.769
37.586
42.546
44.46
43.325
39.308
32.729
24.036
13.786
2.625
-8.743
-19.583
-29.167
-36.81
-41.916
-44.018
-42.832
-38.289
-30.572
-20.134
-7.692
5.808
19.249
31.435
41.195
47.508
49.621
47.145
40.13
29.085
14.95
-0.98
-17.167
-31.984
-43.879
-51.542
-54.057
-51.008
-42.548
-29.406
-12.836
5.497
23.675
39.728
51.848
58.595
59.072
53.046
40.997
24.088
4.054
-16.976
-36.709
-52.941
-63.795
-67.944
-64.764
-54.417
-37.854
-16.718
6.808
30.241
51.051
66.943
76.107
77.419
70.575
56.138
35.487
10.694
-15.7
-40.942
-62.367
-77.682
-85.213
-84.093
-74.356
-56.945
-33.614
-6.746
20.896
46.465
67.333
81.37
87.167
84.184
72.795
54.241
30.493
4.036
-22.397
-46.116
-64.757
-76.526
-80.373
-76.093
-64.325
-46.47
-24.526
-0.864
22.031
41.827
56.588
64.973
66.356
60.877
49.397
33.383
14.728
-4.471
-22.15
-36.506
-46.178
-50.38
-48.953
-42.355
-31.581
-18.03
-3.335
10.832
22.941
31.774
36.535
36.924
33.147
25.864
16.099
5.096
-5.83
-15.452
-22.761
-27.07
-28.079
-25.883
-20.941
-13.995
-5.967
2.168
9.492
15.254
18.94
20.322
19.458
16.662
12.442
7.417
2.231
-2.528
-6.394
-9.069
-10.445
-10.592
-9.731
-8.185
-6.323
-4.499
-2.996
-1.984
-1.498
-1.442
-1.607
-1.723
-1.503
-0.708
0.801
3.026
5.815
8.868
11.776
14.073
15.304
15.091
13.205
9.609
4.486
-1.767
-8.574
-15.229
-20.979
-25.107
-27.022
-26.338
-22.935
-16.987
-8.965
0.404
10.197
19.396
26.995
32.115
34.114
32.67
27.826
20.001
9.956
-1.281
-12.523
-22.555
-30.265
-34.78
-35.566
-32.493
-25.865
-16.383
-5.082
6.788
17.89
26.955
32.927
35.086
33.134
27.242
18.037
6.538
-5.949
-17.976
-28.117
-35.127
-38.096
-36.555
-30.546
-20.629
-7.832
6.46
20.644
33.083
42.279
47.056
46.698
41.046
30.53
16.132
-0.703
-18.221
-34.537
-47.837
-56.582
-59.684
-56.629
-47.553
-33.233
-15.027
5.266
25.581
43.806
58.003
66.616
68.648
63.775
52.397
35.607
15.077
-7.11
-28.682
-47.416
-61.376
-69.118
-69.848
-63.506
-50.777
-33.015
-12.104
9.746
30.229
47.198
58.89
64.119
62.406
54.032
40.009
21.966
1.966
-17.726
-34.898
-47.64
-54.556
-54.925
-48.781
-36.906
-20.738
-2.21
16.475
33.092
45.649
52.616
53.103
46.965
34.827
18.022
-1.554
-21.647
-39.901
-54.12
-62.526
-63.962
-58.037
-45.179
-26.608
-4.214
19.646
42.394
61.513
74.827
80.739
78.417
67.895
50.076
26.646
-0.098
-27.486
-52.753
-73.324
-87.084
-92.596
-89.248
-77.318
-57.949
-33.034
-5.015
23.367
49.361
70.487
84.785
91.004
88.717
78.349
61.108
38.841
13.829
-11.463
-34.642
-53.625
-66.838
-73.352
-72.944
-66.084
-53.847
-37.769
-19.655
-1.38
15.323
29.027
38.743
43.984
44.778
41.616
35.357
27.084
17.956
9.057
1.271
-4.803
-8.896
-11.063
-11.635
-11.138
-10.185
-9.365
-9.137
-9.757
-11.229
-13.308
-15.537
-17.322
-18.037
-17.129
-14.219
-9.188
-2.218
6.194
15.281
24.082
31.555
36.709
38.732
37.107
31.698
22.791
11.086
-2.356
-16.217
-29.057
-39.476
-46.274
-48.602
-46.071
-38.815
-27.489
-13.217
2.531
18.095
31.805
42.173
48.063
48.82
44.355
35.154
22.234
7.029
-8.771
-23.406
-35.246
-42.978
-45.754
-43.288
-35.889
-24.422
-10.213
5.1
19.756
32.067
40.615
44.411
43.014
36.579
25.842
12.034
-3.257
-18.276
-31.301
-40.84
-45.806
-45.635
-40.351
-30.557
-17.36
-2.246
13.096
26.965
37.842
44.555
46.409
43.256
35.509
24.083
10.292
-4.307
-18.092
-29.559
-37.493
-41.094
-40.07
-34.658
-25.592
-14.009
-1.307
11.017
21.543
29.096
32.872
32.531
28.229
20.591
10.628
-0.387
-11.075
-20.113
-26.389
-29.136
-28.02
-23.179
-15.204
-5.071
5.976
16.571
25.386
31.286
33.467
31.555
25.657
16.362
4.677
-8.086
-20.457
-30.98
-38.384
-41.727
-40.512
-34.749
-24.964
-12.144
2.368
17.016
30.205
40.471
46.649
48.008
44.329
35.946
23.706
8.884
-6.953
-22.115
-34.975
-44.151
-48.655
-48.007
-42.288
-32.133
-18.666
-3.374
12.056
25.919
36.689
43.184
44.701
41.099
32.818
20.834
6.546
-8.374
-22.171
-33.2
-40.118
-42.043
-38.657
-30.262
-17.757
-2.545
13.61
28.777
41.074
48.887
51.065
47.068
37.05
21.864
2.998
-17.575
-37.597
-54.769
-67.01
-72.693
-70.845
-61.274
-44.613
-22.28
3.65
30.648
55.983
76.996
91.384
97.444
94.268
81.856
61.142
33.914
2.65
-29.724
-60.12
-85.594
-103.64
-112.46
-111.1
-99.627
-79.046
-51.25
-18.818
15.243
47.792
75.855
96.917
109.16
111.62
104.28
88.013
64.527
36.135
5.538
-24.453
-51.191
-72.439
-86.568
-92.686
-90.687
-81.222
-65.591
-45.576
-23.242
-0.712
20.04
37.374
50.119
57.653
59.91
57.334
50.772
41.341
30.271
18.759
7.833
-1.737
-9.495
-15.296
-19.272
-21.752
-23.169
-23.963
-24.483
-24.928
-25.302
-25.419
-24.939
-23.434
-20.486
-15.771
-9.158
-0.765
9.01
19.499
29.813
38.932
45.817
49.536
49.389
45.018
36.472
24.242
9.234
-7.301
-23.884
-38.952
-51.021
-58.852
-61.585
-58.845
-50.791
-38.115
-21.978
-3.897
14.408
31.185
44.834
54.069
58.056
56.491
49.635
38.278
23.656
7.315
-9.058
-23.811
-35.501
-43.045
-45.826
-43.749
-37.238
-27.176
-14.795
-1.527
11.148
21.872
29.547
33.452
33.309
29.362
22.15
12.608
1.906
-8.69
-17.959
-24.864
-28.659
-28.97
-25.828
-19.651
-11.196
-1.462
8.426
17.345
24.297
28.517
29.555
27.315
22.063
14.391
5.146
-4.664
-13.981
-21.814
-27.34
-29.99
-29.502
-25.946
-19.712
-11.463
-2.063
7.51
16.272
23.331
27.975
29.742
28.467
24.289
17.64
9.195
-0.191
-9.573
-18.008
-24.647
-28.816
-30.08
-28.289
-23.587
-16.407
-7.425
2.494
12.384
21.26
28.219
32.517
33.652
31.414
25.914
17.585
7.154
-4.426
-16.052
-26.577
-34.918
-40.162
-41.662
-39.108
-32.573
-22.519
-9.77
4.556
19.135
32.567
43.501
50.775
53.533
51.32
44.144
32.489
17.289
-0.146
-18.245
-35.32
-49.727
-60.027
-65.135
-64.429
-57.828
-45.811
-29.381
-9.978
10.65
30.618
48.081
61.414
69.372
71.208
66.754
56.429
41.206
22.508
2.076
-18.21
-36.508
-51.195
-61.025
-65.237
-63.624
-56.541
-44.853
-29.831
-13.018
3.944
19.473
32.211
41.149
45.714
45.81
41.798
34.435
24.771
14.014
3.395
-5.976
-13.229
-17.816
-19.559
-18.648
-15.592
-11.14
-6.173
-1.582
1.853
3.563
3.267
1.006
-2.869
-7.738
-12.801
-17.177
-20.03
-20.676
-18.68
-13.926
-6.643
2.604
12.968
23.405
32.783
40.009
44.146
44.523
40.823
33.124
21.914
8.048
-7.326
-22.872
-37.198
-48.983
-57.111
-60.77
-59.536
-53.408
-42.81
-28.552
-11.757
6.238
23.993
40.094
53.26
62.455
66.963
66.442
60.944
50.901
37.085
20.544
2.516
-15.665
-32.671
-47.276
-58.44
-65.383
-67.635
-65.063
-57.884
-46.64
-32.155
-15.48
2.188
19.588
35.482
48.743
58.434
63.876
64.696
60.857
52.668
40.758
26.036
9.623
-7.238
-23.276
-37.291
-48.255
-55.386
-58.219
-56.632
-50.857
-41.452
-29.249
-15.281
-0.691
13.362
25.801
35.719
42.445
45.593
45.089
41.163
34.317
25.273
14.898
4.116
-6.175
-15.187
-22.305
-27.13
-29.499
-29.474
-27.312
-23.423
-18.306
-12.494
-6.499
-0.767
4.347
8.603
11.869
14.116
15.39
15.791
15.439
14.455
12.94
10.972
8.601
5.865
2.804
-0.522
-4.009
-7.503
-10.795
-13.633
-15.746
-16.872
-16.795
-15.385
-12.625
-8.64
-3.701
1.795
7.359
12.456
16.569
19.249
20.177
19.201
16.368
11.923
6.291
0.036
-6.2
-11.762
-16.056
-18.617
-19.17
-17.658
-14.26
-9.366
-3.538
2.554
8.213
12.793
15.777
16.839
15.882
13.049
8.705
3.396
-2.223
-7.466
-11.704
-14.437
-15.357
-14.379
-11.655
-7.555
-2.618
2.523
7.214
10.869
13.041
13.477
12.155
9.282
5.27
0.681
-3.844
-7.672
-10.257
-11.218
-10.393
-7.863
-3.949
0.829
5.814
10.29
13.582
15.135
14.601
11.881
7.159
0.884
-6.268
-13.47
-19.844
-24.561
-26.944
-26.556
-23.252
-17.211
-8.921
0.861
11.195
21.051
29.423
35.433
38.425
38.032
34.215
27.262
17.764
6.547
-5.4
-17.034
-27.35
-35.486
-40.791
-42.875
-41.632
-37.231
-30.09
-20.821
-10.17
1.055
12.049
22.071
30.484
36.788
40.636
41.843
40.373
36.339
29.98
21.658
11.834
1.058
-10.054
-20.844
-30.636
-38.769
-44.637
-47.725
-47.654
-44.224
-37.453
-27.608
-15.213
-1.044
13.912
28.52
41.58
51.933
58.569
60.74
58.052
50.528
38.627
23.223
5.534
-12.973
-30.712
-46.125
-57.829
-64.755
-66.258
-62.185
-52.894
-39.229
-22.436
-4.051
14.253
30.829
44.224
53.321
57.447
56.431
50.609
40.774
28.086
13.936
-0.209
-12.969
-23.193
-30.085
-33.269
-32.814
-29.206
-23.261
-16.016
-8.584
-2.013
2.851
5.472
5.692
3.739
0.188
-4.127
-8.239
-11.19
-12.17
-10.641
-6.431
0.233
8.729
18.109
27.21
34.791
39.7
41.021
38.204
31.153
20.259
6.376
-9.253
-25.124
-39.626
-51.215
-58.582
-60.806
-57.46
-48.676
-35.146
-18.057
1.018
20.281
37.887
52.138
61.658
65.542
63.443
55.606
42.829
26.379
7.86
-10.955
-28.299
-42.593
-52.592
-57.497
-57.019
-51.4
-41.373
-28.084
-12.954
2.472
16.699
28.435
36.718
41.003
41.188
37.596
30.905
22.049
12.102
2.157
-6.79
-13.941
-18.766
-21.044
-20.86
-18.575
-14.754
-10.082
-5.268
-0.951
2.37
4.388
5.011
4.359
2.734
0.556
-1.709
-3.619
-4.82
-5.088
-4.349
-2.684
-0.303
2.491
5.356
7.95
9.971
11.193
11.49
10.85
9.365
7.21
4.614
1.823
-0.924
-3.423
-5.527
-7.157
-8.296
-8.979
-9.28
-9.297
-9.128
-8.839
-8.435
-7.854
-6.989
-5.724
-3.968
-1.674
1.138
4.373
7.854
11.328
14.5
17.068
18.75
19.318
18.615
16.578
13.252
8.782
3.409
-2.548
-8.693
-14.57
-19.699
-23.625
-25.978
-26.518
-25.165
-22.004
-17.279
-11.375
-4.767
2.027
8.503
14.211
18.782
21.95
23.551
23.521
21.898
18.825
14.549
9.42
3.865
-1.661
-6.731
-11.004
-14.254
-16.38
-17.381
-17.328
-16.336
-14.548
-12.124
-9.211
-5.916
-2.295
1.582
5.553
9.299
12.401
14.464
15.246
14.67
12.755
9.54
5.135
