1860.7
1723.6
1884.8
1829.3
1883.7
1813
1875.3
1867.9
1788.9
1878.9
1809.5
1846.5
1817.6
1678.8
1828.5
1762
1812.2
1730.4
1784.6
1772.4
1666.2
1758
1694.8
1740.7
1721.5
1578.8
1731.9
1666.9
1705
1662
1699
1686.9
1629.1
1699.6
1635.8
1687.3
1674.9
1573.1
1678.6
1597.6
1655.9
1599.4
1656.8
1654.4
1608.6
1646.5
1598.6
1644.6
1601.5
1497.1
1660.7
1613.9
1649.8
1600.8
1653.8
1688.1
1662.9
1740.9
1685.2
1725.9
1692.5
1532
1761.4
1724.8
1773
1723.3
1764
1764.1
1713.3
1773.2
1709.6
1747.9
1711.4
1557.4
1736.2
1679.4
1738.9
1653.6
1695.6
1730
1668.7
1747.1
1723.2
1748.2
1759.8
1652.1
1754.2
1702.5
1748.6
1671.7
1721.6
1697.2
1677.7
1717.9
1662.6
1736.5
1736.7
1579.3
1746.4
1677.4
1722.7
1689.3
1716.8
1739.9
1687.2
1734.3
1686.1
1737.3
1719.4
1582.7
1747
1673.9
1743.5
1679.9
1738.3
1735.3
1690.3
1748.2
1700.2
1741.4
1751.7
1591.7
1747.6
1700.4
1729.6
1683.4
1735.9
1746.4
1713
1767.8
1715
1693.5
1780.1
1673.5
1748.2
1727.3
1800.9
1724.8
1790.5
1777.3
1754.6
1796.1
1754.1
1794.5
1763.9
1639
1824.5
1754.6
1830.4
1752.6
1794.4
1771.3
1738.2
1803.2
1739
1822.2
1844.2
1670.1
1809.4
1715.8
1770.6
1671.8
1734.4
1675.6
1616.3
1687.5
1642.5
1686.6
1711.4
1534.6
1710.3
1660.1
1685.8
1620.6
1670.1
1661.4
1608.2
1692.7
1647.9
1686.6
1669.3
1585.4
1698.4
1626.5
1671.2
1605.8
1636.1
1643
1558.5
1638.2
1586
1620.4
1624.5
1437
1557.7
1544.4
1597.5
1499.6
1521.3
1534.8
1483.2
1515.3
1481.5
1478.4
1539.4
1385.6
1517.4
1460
1495.6
1403.6
1465.6
1496.7
1440
1553.6
1479.1
1509.3
1542.8
1420.9
1555.4
1496.6
1527.6
1459.6
1512.4
1507.4
1467.3
1536.2
1468.9
1511.4
1522.5
1429.8
1521
1462.1
1488.8
1441.3
1480.6
1437.7
1412.7
1484.3
1422.4
1482.8
1456.3
1316.6
1465.3
1402.8
1435.2
1382.2
1407.7
1420.9
1365.3
1438
1393
1419.1
1415.7
1273
1409
1341.6
1403.7
1347.5
1375
1383.7
1353.9
1402.7
1359.9
1427.9
1411.8
1292.7
1395.8
1353.3
1402.6
1342.8
1365.6
1362.7
1316.5
1361.3
1350.4
1373
1368.7
1290.3
1394
1330.3
1361.1
1331.4
1353.7
1361.1
1339.9
1389.2
1343.7
1389.5
1359
1254.6
1378.8
1326.7
1376.6
1327
1364.8
1354.8
1336.7
1374.2
1319
1381.1
1386.9
1247.7
1368.7
1339.4
1355.6
1288.2
1299.1
1316.4
1201.4
1308.2
1268.2
1275.9
1262.9
1152.3
1293.9
1240.7
1281.2
1228.4
1274.2
1276.3
1227.3
1281.9
1243.6
1287.6
