8.83
9.08
9.75
9.5
8.58
9.33
8.25
9.83
8.5
9.5
9
8.92
9.04
8.79
8.33
8.08
7.83
8.83
8.75
8.42
8.71
8.88
8.71
9
8.46
7.92
9.13
10.13
8.96
7.83
8.54
8.92
8.13
7.71
8.46
7.67
7.25
8.5
8
7.62
8.8
8.57
8.71
9.29
9.06
9.05
8.71
9.78
9.38
9.67
8.71
9.46
9.38
9.13
8.63
9.42
9.42
8.38
9
9.25
9.46
9.08
8.88
9.35
9.77
9.27
8.66
9.34
9.94
9.52
9.26
10.04
9.85
9.69
10.47
9.8
9.54
10.3
9.92
9.81
9.2
6.84
9.3
8.36
9.81
8.78
8.81
8.61
9.82
8.77
9.44
9.69
8.43
9.19
9.08
8.83
8.54
8.77
8.95
8.95
10
9.83
10
9.58
8.93
8.72
8.5
8.63
8.69
8.93
8.78
8.51
8.55
9.15
9.24
9.07
10.09
9.01
9.07
9.2
10.4
9.09
10.2
8.01
9.29
7.83
8.54
8.25
9.28
9.21
8.91
9.44
9.28
9.19
9.09
9.89
8.67
9.02
9
9.61
7.89
9.23
9.6
8.95
9.05
9.57
8.97
9.8
8.65
8.84
8.93
8.76
9.67
8.2
8.71
7.75
9.06
7.87
8.89
9.84
9.23
8.55
9.51
10.05
8.38
9.31
9.73
10.07
9.46
10.28
8.16
8.68
10.09
9.47
9.49
10.48
9.55
8.86
8.82
8.05
8.68
8.51
8.71
9.22
9.06
8.59
8.26
10.15
9.22
9.42
9.3
9.1
9.14
9.8
8.37
9.31
8.02
9.08
10.08
9.12
9.61
7.89
9.13
9.18
9.67
8.85
9.69
9.65
9.03
10.38
9.62
8.98
9.05
9.75
8.98
9.3
9.43
9.51
9.18
9.24
7.42
9.09
8.56
9.45
9.03
9.83
8.57
8.7
8.28
8.22
8.99
8.73
8.49
8.18
9.98
9.3
8.65
9.33
9.43
10.07
9.69
9.56
9.11
8.83
9.32
9
9.13
9.43
8.84
9.27
8.55
9.17
10.05
9.36
9.8
9.88
8.93
9.18
8.51
9.51
8.48
9.57
10.47
8.68
9.08
9.27
9.17
9.73
9.2
9.58
9.01
9.43
8.99
9.38
9.83
9.99
9.72
9.33
9.57
10.18
9.68
9.05
9.09
9.05
10.03
9.57
10.28
9.45
9.57
10.01
10.62
9.41
9.27
9.1
9.84
9.22
9.28
8.83
10.03
9.43
10.48
9.73
9.94
8.59
8.47
9.47
8.95
9.45
9.61
9.3
9.26
9.57
9.68
9.19
9.54
9.62
10
10.08
9.48
9.43
8.81
9.42
9.24
9.84
10.03
9.73
8.86
8.74
9.05
9.77
10.5
10.63
9.52
9.86
9.51
10.24
10.53
9.2
10.54
10.34
