1.0275e+05
95276
1.1205e+05
98841
1.231e+05
1.1815e+05
1.0175e+05
1.4822e+05
1.2497e+05
1.3474e+05
1.3217e+05
1.0095e+05
96418
86891
89796
1.1966e+05
1.3054e+05
1.2085e+05
1.4542e+05
1.5058e+05
1.2705e+05
1.3747e+05
1.2709e+05
1.3208e+05
1.8831e+05
1.0749e+05
84669
1.4918e+05
1.2103e+05
81073
1.3295e+05
1.4129e+05
1.5508e+05
1.4515e+05
1.2709e+05
1.5141e+05
1.6786e+05
1.2707e+05
1.5469e+05
1.7091e+05
1.2775e+05
1.738e+05
1.9018e+05
1.9842e+05
1.8302e+05
1.7161e+05
1.8809e+05
1.9704e+05
2.0879e+05
1.7811e+05
2.3646e+05
2.3322e+05
1.8811e+05
2.3888e+05
2.0515e+05
2.1473e+05
2.1343e+05
1.9513e+05
2.0605e+05
2.0177e+05
1.9277e+05
1.9823e+05
1.8117e+05
1.8908e+05
1.7907e+05
1.9742e+05
1.9524e+05
2.1983e+05
2.1179e+05
2.0339e+05
2.0958e+05
2.1477e+05
2.2618e+05
1.9145e+05
2.0099e+05
2.1671e+05
1.9288e+05
1.9974e+05
2.0235e+05
2.0414e+05
2.1559e+05
2.2945e+05
1.7505e+05
2.128e+05
1.8173e+05
2.1161e+05
1.8585e+05
1.5828e+05
1.807e+05
1.7596e+05
1.3955e+05
1.5581e+05
1.3831e+05
1.4701e+05
1.3599e+05
1.6646e+05
1.7774e+05
1.6702e+05
1.3213e+05
1.6983e+05
1.306e+05
1.5684e+05
1.1975e+05
1.49e+05
1.4749e+05
1.4722e+05
1.5346e+05
1.12e+05
1.5851e+05
1.0414e+05
1.0254e+05
93017
91988
1.2362e+05
1.345e+05
1.4981e+05
1.1033e+05
1.3664e+05
1.0271e+05
1.1295e+05
1.079e+05
73242
72800
78767
1.1479e+05
1.0935e+05
1.2252e+05
1.3734e+05
1.3206e+05
1.3061e+05
1.1857e+05
95873
1.0312e+05
98619
1.0418e+05
1.2347e+05
99651
1.2026e+05
1.228e+05
1.0852e+05
1.0576e+05
1.1719e+05
1.2288e+05
93275
99842
83803
61132
1.1856e+05
1.0699e+05
1.1811e+05
99017
99852
1.1272e+05
1.1364e+05
1.1822e+05
1.2885e+05
1.239e+05
1.0082e+05
1.1511e+05
90624
1.32e+05
1.5797e+05
1.6933e+05
1.4491e+05
1.6935e+05
1.4467e+05
1.5883e+05
1.2729e+05
1.2058e+05
1.2929e+05
1.2237e+05
1.1518e+05
1.4217e+05
1.5326e+05
1.7391e+05
1.7845e+05
1.5596e+05
1.6826e+05
1.4946e+05
1.3611e+05
1.4151e+05
1.5208e+05
1.4514e+05
1.4655e+05
1.731e+05
1.6547e+05
1.5227e+05
1.632e+05
1.5782e+05
1.6617e+05
1.5425e+05
1.703e+05
1.6639e+05
1.4105e+05
1.6025e+05
1.65e+05
1.9597e+05
1.8264e+05
1.8983e+05
2.0948e+05
1.8985e+05
1.8375e+05
1.9268e+05
1.6968e+05
2.0182e+05
1.7264e+05
2.0293e+05
1.7586e+05
2.2206e+05
1.998e+05
2.1464e+05
2.0011e+05
1.6608e+05
1.6059e+05
1.5833e+05
1.4175e+05
1.708e+05
1.5329e+05
1.6343e+05
1.7256e+05
1.9747e+05
1.8982e+05
1.8851e+05
2.0744e+05
1.9213e+05
1.7572e+05
1.5911e+05
1.758e+05
1.8672e+05
1.5497e+05
1.7245e+05
1.8597e+05
1.9553e+05
1.9316e+05
2.1271e+05
2.0136e+05
1.8997e+05
2.1652e+05
1.9323e+05
1.92e+05
2.1197e+05
1.7591e+05
2.0611e+05
2.2028e+05
2.1134e+05
2.2253e+05
2.2952e+05
2.0415e+05
2.0674e+05
2.2342e+05
2.2829e+05
2.0312e+05
2.0596e+05
1.7692e+05
2.1984e+05
2.1721e+05
2.1662e+05
2.4806e+05
2.4564e+05
2.4249e+05
2.6042e+05
2.2103e+05
2.2916e+05
2.2086e+05
2.1227e+05
1.9594e+05
2.3974e+05
2.1201e+05
2.4051e+05
2.4198e+05
2.4545e+05
2.4084e+05
2.4488e+05
2.2638e+05
2.3157e+05
2.3575e+05
2.3899e+05
1.9812e+05
2.0166e+05
2.382e+05
2.6164e+05
2.5301e+05
2.7523e+05
2.5096e+05
2.6038e+05
2.5069e+05
2.1695e+05
2.4782e+05
2.2414e+05
2.1107e+05
2.4562e+05
2.5095e+05
2.7822e+05
2.5423e+05
2.6629e+05
2.809e+05
2.7457e+05
2.8056e+05
2.5276e+05
2.5013e+05
2.7121e+05
2.3059e+05
2.6341e+05
2.8997e+05
2.8285e+05
2.7131e+05
2.8972e+05
3.0023e+05
2.5995e+05
2.6315e+05
2.6795e+05
2.5238e+05
2.8036e+05
2.343e+05
2.7157e+05
2.6238e+05
2.8946e+05
2.7827e+05
2.8893e+05
2.8381e+05
2.676e+05
2.6757e+05
2.5486e+05
2.4897e+05
2.5684e+05
2.5091e+05
2.7933e+05
2.8655e+05
3.0227e+05
2.9821e+05
3.0084e+05
3.1296e+05
2.7596e+05
2.9956e+05
2.6098e+05
2.7484e+05
2.8411e+05
2.4733e+05
2.9812e+05
3.0601e+05
3.0681e+05
2.8855e+05
3.0164e+05
2.9322e+05
2.7071e+05
3.118e+05
2.8132e+05
2.8145e+05
2.9549e+05
2.4641e+05
2.6704e+05
2.9613e+05
2.9651e+05
2.7068e+05
2.9086e+05
2.9607e+05
2.7265e+05
3.1572e+05
2.863e+05
2.8417e+05
2.7334e+05
2.5026e+05
2.9477e+05
3.1809e+05
3.1911e+05
3.1298e+05
3.3551e+05
3.1967e+05
3.168e+05
3.2999e+05
2.9135e+05
3.1413e+05
3.0988e+05
2.8849e+05
3.2999e+05
3.1166e+05
3.1785e+05
3.4473e+05
3.2411e+05
3.3376e+05
2.9701e+05
3.1325e+05
3.2966e+05
3.2059e+05
3.2579e+05
2.9343e+05
3.2418e+05
3.1553e+05
3.1998e+05
3.2787e+05
3.1211e+05
3.2904e+05
2.7759e+05
3.0088e+05
3.1403e+05
3.1426e+05
3.0347e+05
2.9074e+05
3.1334e+05
2.9428e+05
3.258e+05
3.2984e+05
3.2259e+05
3.3653e+05
3.1638e+05
3.086e+05
2.9901e+05
2.9365e+05
3.2011e+05
2.5287e+05
3.2425e+05
3.0478e+05
3.2021e+05
3.2126e+05
3.1032e+05
3.192e+05
2.975e+05
3.1618e+05
3.0341e+05
3.0084e+05
