1.1812
1.176
1.1636
1.1672
1.1554
1.1534
1.1548
1.1698
1.1689
1.1591
1.161
1.1575
1.1577
1.1582
1.1566
1.1577
1.1481
1.1395
1.1371
1.1303
1.1328
1.1339
1.1306
1.1283
1.1296
1.13
1.1331
1.1303
1.1282
1.1189
1.123
1.1223
1.1075
1.1037
1.0993
1.0972
1.1068
1.0995
1.0891
1.0931
1.0888
1.0824
1.0843
1.0899
1.0873
1.0961
1.0932
1.0936
1.093
1.0915
1.1015
1.099
1.0923
1.0915
1.0918
1.0921
1.0871
1.0743
1.0716
1.0732
1.0808
1.0782
1.0782
1.0706
1.0838
1.0784
1.0835
1.0786
1.0842
1.078
1.0779
1.0717
1.0688
1.0608
1.063
1.0612
1.0598
1.0634
1.059
1.0649
1.0616
1.0591
1.0564
1.0571
1.0593
1.0724
1.0779
1.0781
1.0787
1.072
1.0666
1.0626
1.065
1.0672
1.0672
1.0641
1.063
1.0577
1.0593
1.0587
1.0471
1.0439
1.0422
1.0449
1.0357
1.0355
1.0327
1.0296
1.0438
1.045
1.0477
1.0516
1.0416
1.042
1.0298
1.0329
1.0368
1.0323
1.0323
1.0316
1.0372
1.0448
1.0373
1.0337
1.031
1.0236
1.0244
1.0249
1.0224
1.0198
1.0186
1.0139
1.0176
1.0215
1.022
1.0203
1.0203
1.042
1.0526
1.0509
1.0497
1.0651
1.0627
1.0644
1.0719
1.0694
1.0661
1.068
1.0766
1.0793
1.077
1.0694
1.0752
1.066
1.0636
1.0568
1.0557
1.0525
1.0505
1.0643
1.0654
1.0553
1.0506
1.0461
1.0441
1.046
1.0445
1.0581
1.0582
1.0689
1.0605
1.0581
1.059
1.0543
1.0402
1.04
1.0408
1.0385
1.0418
1.0399
1.0408
1.046
1.05
1.0415
1.0466
1.0431
1.0509
1.0613
1.0643
1.0718
1.0703
1.0693
1.0704
1.0721
1.063
1.0737
1.0758
1.0799
1.0887
1.0863
1.0833
1.0765
1.0808
1.0678
1.0666
1.0578
1.0532
1.0519
1.0518
1.0494
1.0506
1.0485
1.044
1.04
1.0363
1.0401
1.0436
1.0315
1.0315
1.0312
1.0403
1.0297
1.0313
1.0327
1.0261
1.0176
1.0137
1.01
1.0077
1.0059
1.0023
1.0016
1.0252
1.0222
1.0263
1.0161
1.0158
1.012
1.0067
1.0066
1.0169
1.0088
1.0066
1.0093
1.008
1.0162
1.0128
1.0136
1.0068
1.0045
1.0024
1.007
1.0155
1.0309
1.0335
1.0324
1.0294
1.0252
1.0322
1.0281
1.027
1.0128
1.0121
1.0115
1.0133
1.01
1.0019
1.0041
1.0011
0.989
0.9765
0.9757
0.9731
0.9768
0.9887
0.976
0.9783
0.9862
0.9914
0.9865
0.9847
0.9783
0.9834
0.9842
0.9863
0.985
1.006
1.0017
0.9931
0.9763
0.9669
0.9643
0.97
0.9619
0.9618
0.9603
0.956
0.9576
0.9684
0.9659
0.9648
0.9644
0.9696
0.971
0.9694
0.971
0.9703
0.9608
0.9691
0.9724
0.9645
0.9614
0.9524
0.9594
0.9574
0.956
0.9588
0.9647
0.958
0.959
0.9588
0.9591
0.9551
0.9524
0.9564
0.955
0.9477
0.9369
0.9376
0.9379
0.9396
0.9265
0.9217
0.9083
0.9089
0.912
0.9068
0.8891
0.8907
0.8953
0.895
0.9023
0.9097
0.9021
0.908
0.9138
0.9053
0.8921
0.8952
0.8946
0.9036
0.9032
0.9096
0.9072
0.931
0.9314
0.9328
0.9307
0.9432
0.9471
0.957
0.96
0.9548
0.9526
0.9544
0.9619
0.959
0.953
0.9648
0.9622
0.9557
0.9455
0.9398
0.9358
0.9382
0.9444
0.9444
0.9515
0.9545
0.9526
0.9548
0.9527
0.9484
0.9521
0.9497
0.9401
0.9339
0.9374
0.9351
0.9322
0.9237
0.9292
0.9343
0.9314
0.9391
0.9413
0.9331
0.9246
0.9266
0.9228
0.9137
0.9042
0.9075
0.9105
0.9019
0.8991
0.9077
0.9046
0.9037
0.9135
0.9143
0.9152
0.9068
0.9027
0.8965
0.8967
0.9028
0.9024
0.9002
0.8966
0.8924
0.8878
0.8993
0.8876
0.8702
0.874
0.8664
0.8624
0.8596
0.864
0.8617
0.8572
0.8523
0.8514
0.8462
0.8558
0.8793
0.8738
0.8815
0.8805
0.8826
0.8837
0.8806
0.8741
0.8726
0.8685
0.868
0.8682
0.8715
0.8644
0.8568
0.8489
0.8507
0.8391
0.8406
0.84
0.8364
0.8364
0.827
0.8271
0.8406
0.8432
0.8486
0.8584
0.8594
0.8614
0.8584
0.8583
0.8559
0.8574
0.8625
0.8607
0.8573
0.857
0.8532
0.8516
0.8486
0.8458
0.8423
0.8382
0.85
0.8547
0.8577
0.8694
0.8765
0.8875
0.8804
0.8877
0.8891
0.8838
0.8771
0.8775
0.8755
0.8858
0.8981
0.8929
0.8902
0.9058
0.9112
0.923
0.9292
0.9304
0.9257
0.9388
0.9465
0.9473
0.9448
0.9535
0.9486
0.9397
0.9387
0.952
0.9486
0.9374
0.9306
0.9446
0.9363
0.9374
0.9389
0.9258
0.9219
0.9213
0.9181
0.9264
0.9308
0.9384
0.9357
0.9395
0.9304
0.9331
0.9184
0.9267
0.9287
0.9204
0.9197
0.9057
0.9162
0.9096
0.9077
0.9069
0.9095
0.9093
0.9128
0.9212
0.9291
0.934
0.9289
0.9313
0.9274
0.9281
0.9315
0.93
0.9148
0.9133
0.9046
0.8929
0.8985
0.9054
0.897
0.8881
0.8926
0.8955
0.891
0.8882
0.8807
0.8794
0.8824
0.893
0.9013
0.8976
0.9002
0.9014
0.8884
0.8856
0.8922
0.8888
0.8862
0.8814
0.8816
0.8909
0.9032
0.896
0.8946
0.8972
0.9011
0.8924
0.8874
0.8937
0.8925
0.8891
0.8934
0.8916
0.8848
0.8845
0.8792
0.8759
0.8748
0.8788
0.8842
0.8828
0.8774
0.8762
0.8657
0.8598
0.857
0.8577
0.8547
0.8576
0.8455
0.8452
0.8449
0.8504
0.8452
0.8506
0.8505
0.8425
0.8479
0.8536
0.8598
0.8628
0.861
0.8558
0.8506
0.8544
0.857
0.8611
0.8623
0.8621
0.847
0.8474
0.8455
0.8477
0.837
0.8465
0.8474
0.8557
0.8614
0.853
0.8527
0.8549
0.8549
0.8701
0.869
0.8713
0.8676
0.8752
0.8797
0.8765
0.8749
0.875
0.8752
0.8793
0.8813
0.8843
0.8802
0.8775
0.8778
0.8886
0.894
0.8983
0.9025
0.9114
0.9138
0.9165
0.9127
0.9115
0.9194
0.9166
0.9116
0.9098
0.9102
0.9097
0.9154
0.909
0.8868
0.8897
0.8943
0.9044
0.8988
0.9069
0.9089
0.9199
0.9198
0.9233
0.931
0.9255
0.9099
0.9135
0.9222
0.9231
0.9181
0.9099
0.9159
0.9149
0.9181
0.9141
0.9168
0.915
0.9118
0.9008
0.9078
0.9077
0.9094
0.9065
0.9025
0.8987
0.8906
0.8893
0.8925
0.8965
0.8921
0.9037
0.906
0.8993
0.9044
0.9037
0.8963
0.8975
0.8999
0.891
0.8935
0.8811
0.8829
0.8813
0.8849
0.8781
0.8832
0.8781
0.877
0.8811
0.8812
0.8863
0.8879
0.8958
0.8897
0.8898
0.8856
0.8916
0.8905
0.8884
0.8904
0.8945
0.8976
0.9044
0.904
0.9019
0.8997
0.8972
0.8864
0.8773
0.8778
0.8843
0.8822
0.8901
0.9031
0.8992
0.8946
0.8931
0.8925
0.8882
0.8925
0.8905
0.8935
0.8913
0.8834
0.88
0.8844
0.8838
0.8836
0.8782
0.8655
0.8605
0.8643
0.8648
0.8594
0.8613
0.8685
0.8672
0.8693
0.869
0.8727
0.8778
0.8768
0.873
0.8713
0.873
0.8764
0.8705
0.8712
0.8757
0.8713
0.8682
0.8642
0.8658
0.8652
0.8705
0.8699
0.8772
0.8795
0.8752
0.8768
0.8759
0.877
0.8816
0.8823
0.8826
0.8805
0.8836
0.8836
0.8791
0.8768
0.8767
0.8726
0.8711
0.8717
0.8806
0.8782
0.8804
0.8779
0.8805
0.875
0.8793
0.8794
0.8829
0.8792
0.8802
0.883
0.8885
0.8898
0.8893
0.8877
0.8897
0.8915
0.8978
0.898
0.9028
0.9002
0.9062
0.9032
0.9133
0.9166
0.9148
0.904
0.9088
0.9116
0.9107
0.9022
0.9074
0.9105
0.9206
0.9213
0.9191
0.9265
0.9233
0.922
0.9285
0.9313
0.9373
0.9339
0.939
0.9424
0.9391
0.9457
0.9449
0.9446
0.9445
0.9473
0.944
0.9448
0.9442
0.9483
0.9544
0.9646
0.9705
0.9786
0.9692
0.9825
0.9885
0.9856
0.9893
0.984
0.9816
0.973
0.9869
0.9938
0.989
0.9927
0.9904
1.0072
1.0087
1.0078
1.0067
1.0156
1.0098
0.9933
0.9945
0.9997
0.9882
0.9779
0.9879
0.9796
0.9843
0.9882
0.9846
0.964
0.9738
0.9653
0.9714
0.9778
0.9787
0.9867
0.9816
0.9836
0.9775
0.9779
0.9796
0.9697
0.9726
0.9731
0.9814
0.982
0.9829
0.9806
0.9959
0.9923
0.9911
0.9843
0.9817
0.9752
0.9724
0.9761
0.9743
0.9723
0.9685
0.9789
0.9817
0.9839
0.9822
0.9815
0.9797
0.9755
0.9772
0.9879
0.9859
0.9842
0.9871
0.9821
0.9816
0.9796
0.9868
0.9861
0.9854
0.981
0.9824
0.9718
0.9708
0.9732
0.9782
0.9772
0.9742
0.9767
0.9843
0.9851
0.9835
0.9881
0.9971
0.9953
0.9994
0.9974
1.0092
1.0139
1.0105
1.006
1.0034
1.0082
1.0083
1.0107
1.0024
0.9984
0.9966
0.9937
0.9913
0.9895
0.9932
0.9927
0.9968
0.9999
0.9989
1.0081
1.0088
1.0073
1.0083
1.0189
1.0226
1.021
1.0267
1.0254
1.0217
1.0268
1.0217
1.0305
1.0358
1.0411
1.046
1.0485
1.0361
1.0418
1.0469
1.0419
1.0447
1.0467
1.0535
1.0535
1.0571
1.0576
1.0569
1.066
1.0677
1.0729
1.0767
1.0825
1.0838
1.0833
1.0861
1.0776
1.0739
1.0761
1.0875
1.0842
1.0828
1.0801
1.074
1.0747
1.0716
1.0834
1.0799
1.0708
1.0744
1.0821
1.0787
1.0783
1.0782
1.0797
1.0763
1.0779
1.0835
1.0883
1.0967
1.0997
1.1014
1.1062
1.1028
1.1023
1.087
1.0725
1.0606
1.0624
1.059
1.0613
1.0545
1.0644
1.0673
1.0677
1.0708
1.0762
1.09
1.0904
1.0765
1.0736
1.0711
1.0621
1.0684
1.0722
1.0803
1.0751
1.0773
1.0801
1.0872
1.0907
1.0882
1.0857
1.0966
1.0949
1.1039
1.104
1.0999
1.101
1.118
1.1238
1.12
1.1271
1.1354
1.134
1.1453
1.1498
1.1557
1.1499
1.1498
1.1457
1.1542
1.1686
1.1685
1.1707
1.17
1.1786
1.1853
1.1742
1.1835
1.1766
1.1744
1.1702
1.1708
1.187
1.1695
1.1743
1.1686
1.1764
1.1767
1.183
1.1843
1.1812
1.171
1.1678
1.1616
1.1548
1.1498
1.1592
1.1429
1.1423
1.1502
1.158
1.1524
1.1503
1.1341
1.1265
1.1311
1.139
1.1304
1.1298
1.1233
1.1209
1.1164
1.1239
1.1346
1.1325
1.1484
1.1441
1.1513
1.1497
1.1466
1.1367
1.1231
1.1252
1.1337
1.1349
1.1357
1.139
1.1321
1.1349
1.1304
1.1317
1.1249
1.1255
1.1138
1.1117
1.1104
1.0976
1.0871
1.0892
1.0893
1.0906
1.0896
1.0986
1.0872
1.0845
1.0899
1.1073
1.1124
1.119
1.1195
1.1186
1.1307
1.1304
1.1166
1.1239
1.124
1.1346
1.1468
1.1487
1.1472
1.1484
1.1482
1.1578
1.165
1.1708
1.1717
1.1596
1.1706
1.1784
1.1805
1.1695
1.1812
1.1724
1.1652
1.1665
1.163
1.1671
1.1676
1.1805
1.1795
1.1833
1.1762
1.1689
1.1673
1.1694
1.1609
1.1454
1.1497
1.1473
1.1417
1.1505
1.1515
1.1647
1.1711
1.1743
1.1744
1.1893
1.1909
1.1895
1.1913
1.1768
1.1785
1.1918
1.1995
1.1956
1.2084
1.2093
1.2077
1.2157
1.2217
1.2229
1.2215
1.2164
1.2284
1.229
1.2328
1.2381
1.2376
1.238
1.2415
1.2406
1.2464
1.2441
1.2485
1.2521
1.2597
1.2592
1.2679
1.2773
1.2665
1.2772
1.2853
1.2802
1.2735
1.2726
1.2588
1.2395
1.2584
1.2617
1.2717
1.261
1.2552
1.2643
1.262
1.2389
1.2452
1.2426
1.2561
1.2552
1.2606
1.2694
1.2672
1.2727
1.2815
1.2807
1.2751
1.2848
1.2812
1.2685
1.2563
1.2569
1.2692
1.2503
1.2444
1.2441
1.2431
1.2212
1.2088
1.2225
1.2401
1.2371
1.2428
1.2226
1.2268
1.2191
1.2243
1.227
1.2197
1.2392
1.2269
1.2368
1.2311
1.2213
1.217
1.2092
1.2141
1.2202
1.2292
1.2358
1.2109
1.2008
1.2089
1.2171
1.2088
1.2102
1.2068
1.1923
1.194
1.1914
1.2025
1.2019
1.191
1.1853
1.1861
1.1802
1.1851
1.1927
1.183
1.1945
1.1975
1.1937
1.2076
1.2165
1.209
1.1885
1.1834
1.1818
1.1911
1.1801
1.1874
1.2009
1.1971
1.2015
1.1926
1.2009
1.1978
1.2107
1.2102
1.2274
1.2217
1.221
1.225
1.2205
1.2258
1.232
1.2273
1.2097
1.211
1.2011
1.2073
1.2139
1.2006
1.204
1.2118
1.211
1.2092
1.209
1.217
1.2145
1.2193
1.2124
1.2179
1.2158
1.2307
1.229
1.2384
1.239
1.2388
1.2409
1.2302
1.2385
1.2373
1.2437
1.2431
1.2377
1.2224
1.2273
1.2122
1.2135
1.2056
1.2046
1.207
1.2032
1.2034
1.2051
1.2057
1.205
1.2272
1.2261
1.2306
1.2222
1.2224
1.2354
1.2333
1.2329
1.2299
1.2368
1.2324
1.2196
1.2099
1.209
1.2084
1.2025
1.2049
1.2183
1.2179
1.2164
1.2052
1.2093
1.2164
1.2189
1.2282
1.2251
1.2268
1.2144
1.2154
1.2174
1.2172
1.2264
1.2261
1.2298
1.2256
1.2307
1.2306
1.2308
1.2417
1.24
1.2274
1.2316
1.2298
1.2286
1.2418
1.232
1.2271
1.2393
1.2478
1.252
1.2515
1.2627
1.2622
1.2639
1.2783
1.2758
1.2725
1.2759
1.2746
1.2741
1.2703
1.2787
1.2883
1.2938
1.2936
1.293
1.2925
1.2973
1.2944
1.2979
1.3031
1.2982
1.3059
1.3048
1.309
1.3162
1.3288
1.3286
1.3259
1.3308
1.3268
1.339
1.3431
1.3437
1.3252
1.3274
1.3224
1.3309
1.328
1.3429
1.3287
1.3295
1.3396
1.3377
1.339
1.3491
1.3536
1.3625
1.3621
1.3568
1.3623
1.3538
1.3476
1.3295
1.3292
1.3187
1.3062
1.3109
1.3161
1.3281
1.3207
1.3106
1.3043
1.3036
1.2959
1.3049
1.3041
1.2954
1.3081
1.3032
1.3033
1.3049
1.3017
1.3015
1.2959
1.2927
1.2773
1.2783
1.2797
1.2882
1.2864
1.2981
1.2986
1.2994
1.3083
1.3075
1.323
1.3208
1.3205
1.3195
1.3274
1.3189
1.3127
1.313
1.3244
1.3203
1.3342
1.3384
1.3409
1.3465
1.3346
1.3315
1.3423
1.3373
1.3311
1.3165
1.321
1.3005
1.2957
1.2954
1.2877
1.2913
1.2944
1.2969
1.2896
1.2838
1.2842
1.2868
1.2906
1.2912
1.2972
1.2873
1.2918
1.2819
1.2928
1.3037
1.3034
1.308
1.3093
1.3068
1.2984
1.2964
1.2938
1.2916
1.2919
1.2857
1.2889
1.2936
1.2936
1.2832
1.2839
1.2877
1.2803
1.2706
1.2645
1.263
1.2644
1.266
1.2628
1.2553
1.2575
1.2588
1.2602
1.2517
1.2568
1.2349
1.2232
1.2266
1.2227
1.2268
1.2277
1.232
1.2216
1.2127
1.2035
1.2038
1.2106
1.2089
1.224
1.214
1.2134
1.213
1.2054
1.2088
1.2152
1.2078
1.2101
1.2098
1.1957
1.1917
1.1918
1.1928
1.1934
1.2066
1.22
1.209
1.2089
1.2037
1.2077
1.2001
1.2046
1.2113
1.2079
1.2054
1.2007
1.2048
1.2121
1.2129
1.2195
1.2209
1.2337
1.2383
1.2327
1.2361
1.2347
1.2345
1.2434
1.2428
1.2362
1.2342
1.229
1.2178
1.2147
1.2235
1.2213
1.2239
1.2311
1.2324
1.2248
1.2204
1.233
1.2447
1.2538
1.2483
1.2439
1.24
1.2433
1.2288
1.2263
1.2282
1.2216
1.2214
1.2153
1.2177
1.2208
1.2153
1.2077
1.2036
1.2011
1.2016
1.202
1.2058
1.1914
1.1918
1.1984
1.2133
1.2115
1.2015
1.204
1.1938
1.2073
1.204
1.1939
1.1988
1.1982
1.1958
1.1998
1.2099
1.2082
1.2148
1.2089
1.1995
1.1998
1.2067
1.1971
1.1828
1.1795
1.1773
1.1748
1.174
1.1667
1.1695
1.1672
1.1706
1.1741
1.1734
1.1737
1.1799
1.1724
1.1804
1.1786
1.179
1.1702
1.1699
1.1787
1.1784
1.1722
1.183
1.1824
1.1969
1.1926
1.2041
1.1965
1.2012
1.1996
1.1848
1.1816
1.1883
1.1857
1.1856
1.1875
1.1846
1.1842
1.198
1.2091
1.2101
1.2148
1.2064
1.2063
1.2135
1.2035
1.2103
1.2073
1.2083
1.211
1.2101
1.2276
1.2287
1.2252
1.2229
1.213
1.2091
1.2158
1.2092
1.21
1.2021
1.1971
1.1974
1.1935
1.1963
1.192
1.1905
1.1895
1.1884
1.1882
1.1906
1.1912
1.1905
1.1923
1.1882
1.186
1.1925
1.1899
1.2003
1.2028
1.2002
1.1888
1.1914
1.192
1.1886
1.1942
1.2025
1.2045
1.2151
1.2197
1.2168
1.2079
1.2095
1.1984
1.2034
1.2015
1.2078
1.203
1.2132
1.2139
1.2124
1.2258
1.2272
1.2216
1.2109
1.2091
1.2125
1.2107
1.2107
1.2106
1.2267
1.2274
1.2345
1.2326
1.234
1.2373
1.2412
1.2464
1.2525
1.2624
1.2607
1.2644
1.2639
1.2684
1.2733
1.272
1.2747
1.2799
1.2855
1.2888
1.2826
1.2817
1.2722
1.2795
1.275
1.285
1.2844
1.2747
1.2777
1.2739
1.2868
1.2833
1.2824
1.2912
1.2953
1.2828
1.2799
1.2648
1.2636
1.2587
1.2574
1.2631
1.2616
1.2623
1.2577
1.2568
1.2665
1.2582
1.2522
1.2554
1.2589
1.2532
1.2534
1.2779
1.2793
1.2726
1.2757
1.2822
1.2751
1.2754
1.2706
1.2673
1.2641
1.2529
1.25
1.256
1.2639
1.2684
1.263
1.2576
1.2628
1.2732
1.2748
1.2764
1.2778
1.2798
1.2779
1.2894
1.2867
1.2839
1.2888
1.2765
1.2757
1.2735
1.2788
1.2864
1.287
1.281
1.2914
1.2804
1.2794
1.276
1.2767
1.2784
1.2768
1.2825
1.2793
1.2833
1.281
1.2787
1.2757
1.2673
1.2699
1.2693
1.2708
1.2736
1.2648
1.2671
1.2683
1.2701
1.273
1.2796
1.2747
1.2687
1.2699
1.2697
1.2687
1.2744
1.2727
1.2687
1.2687
1.26
1.2541
1.2547
1.2537
1.2502
1.2518
1.2564
1.2516
1.2594
1.2613
1.2544
1.2565
1.2591
1.2669
1.2725
1.2717
1.2773
1.2771
1.278
1.2705
1.2715
1.2806
1.2775
1.2835
1.2861
1.281
1.2812
1.2808
1.2808
1.2823
1.281
1.2824
1.2928
1.3081
1.312
1.3162
1.3146
1.3261
1.3316
1.3327
1.3327
1.3307
1.3296
1.3215
1.3223
1.3233
1.3215
1.3174
1.3095
1.3073
1.3194
1.3183
1.3175
1.3131
1.3132
1.3125
1.3158
1.3197
1.3286
1.3169
1.3094
1.3005
1.3023
1.2995
1.294
1.2904
1.2926
1.2918
1.2948
1.2942
1.2968
1.2957
1.3025
1.2964
1.298
1.2909
1.2948
1.2954
1.2998
1.3021
1.296
1.2933
1.2969
1.302
1.3034
1.3005
1.2962
1.3024
1.3126
1.314
1.3137
1.3134
1.3126
1.3134
1.3164
1.3159
1.3246
1.323
1.3173
1.3182
1.3094
1.3108
1.3148
1.3129
1.3118
1.3186
1.3199
1.3227
1.3249
1.3307
1.3299
1.3291
1.3305
1.3359
1.3302
1.3336
1.3357
1.3331
1.3336
1.3374
1.3374
1.3363
1.3364
1.3426
1.338
1.3367
1.3436
1.3436
1.3484
1.3518
1.355
1.3569
1.3574
1.3605
1.3601
1.358
1.3622
1.3647
1.359
1.3625
1.366
1.36
1.3598
1.3566
1.3587
1.3616
1.3532
1.3549
1.3512
1.3519
1.3544
1.3603
1.3522
1.3494
1.3511
1.3457
1.3464
1.3482
1.3429
1.3452
1.3483
1.3419
1.3453
1.344
1.3488
1.3526
1.3492
1.3456
1.3359
1.3359
1.3325
1.3295
1.3311
1.3365
1.3401
1.3416
1.3426
1.3399
1.3438
1.345
1.3468
1.3433
1.3466
1.352
1.3627
1.3615
1.3592
1.3626
1.3623
1.3714
1.3757
1.3776
1.3788
1.3785
1.3782
1.3808
1.3811
1.3831
1.3817
1.3824
1.3711
1.373
1.3647
1.3681
1.3711
1.3682
1.3693
1.3785
1.3789
1.3747
1.3808
1.3701
1.3686
1.3624
1.3581
1.3479
1.3402
1.3492
1.3468
1.3483
1.3535
1.356
1.3645
1.3645
1.3626
1.3675
1.3648
1.3641
1.3641
1.3606
1.3669
1.3697
1.3772
1.3794
1.3837
1.3904
1.3885
1.3848
1.386
1.3869
1.395
1.4092
1.4076
1.4086
1.4128
1.4126
1.4138
1.4219
1.4229
1.4163
1.4135
1.4128
1.4154
1.4154
1.4092
1.4157
1.4228
1.4168
1.4216
1.4165
1.4208
1.4291
1.4263
1.4138
1.4248
1.4237
1.4299
1.439
1.4405
1.4424
1.4468
1.4435
1.4481
1.4469
1.4555
1.4667
1.4691
1.4665
1.4598
1.467
1.4639
1.4652
1.4658
1.4787
1.4829
1.4829
1.4825
1.4862
1.4817
1.475
1.4766
1.4688
1.4657
1.4759
1.4666
1.4638
1.4664
1.4714
1.4702
1.4702
1.4591
1.4433
1.4369
1.4392
1.4344
1.4353
1.4361
1.4409
1.45
1.4601
1.4718
1.4603
1.4738
1.4736
1.4786
1.4684
1.4717
1.4663
1.474
1.4787
1.4877
1.4842
1.4643
1.469
1.4616
1.4609
1.4574
1.4737
1.4673
1.4789
1.4767
1.4782
1.4841
1.4851
1.4832
1.4638
1.4647
1.4495
1.4505
1.4506
1.4592
1.4569
1.4635
1.4674
1.4742
1.4663
1.4813
1.4825
1.4822
1.4889
1.5132
1.5172
1.5187
1.5195
1.521
1.5282
1.5356
1.5333
1.5369
1.5329
1.5495
1.5584
1.5604
1.5765
1.5784
1.5642
1.5417
1.5447
1.5394
1.5595
1.5761
1.5798
1.5759
1.5805
1.5615
1.5618
1.5667
1.5735
1.5713
1.5705
1.5804
1.5744
1.5796
1.5827
1.5801
1.5978
1.5924
1.5742
1.5881
1.601
1.5898
1.5668
1.5634
1.5648
1.5604
1.5568
1.5458
1.5431
1.5491
1.5548
1.537
1.5409
1.5447
1.5536
1.5509
1.5467
1.5492
1.5591
1.5516
1.5667
1.5772
1.5703
1.5784
1.5731
1.5628
1.5527
1.556
1.555
1.5454
1.5453
1.556
1.5731
1.5718
1.5473
1.5562
1.5418
1.5368
1.5472
1.5519
1.5502
1.5502
1.5626
1.5492
1.5591
1.557
1.5738
1.5749
1.5748
1.5778
1.5869
1.5708
1.5646
1.5653
1.5744
1.5771
1.5898
1.5914
1.5923
1.5847
1.5861
1.5855
1.5877
1.5811
1.5708
1.5657
1.5687
1.5747
1.5588
1.5559
1.5589
1.5567
1.5569
1.5468
1.5409
1.5341
1.5047
1.4958
1.4905
1.4895
1.4856
1.4695
1.473
1.4746
1.4701
1.4875
1.48
1.4803
1.466
1.4684
1.4685
1.4669
1.4522
1.4489
1.436
1.4273
1.4126
1.4173
1.402
1.3939
1.4172
1.4175
1.4155
1.4215
1.4382
1.4384
1.4697
1.4737
1.4655
1.4643
1.4596
1.4381
1.4081
1.4058
1.3854
1.3816
1.3508
1.3649
1.368
1.3646
1.3471
1.3658
1.3567
1.3416
1.3462
1.3314
1.3102
1.2835
1.2878
1.2639
1.2446
1.2476
1.2851
1.285
1.2682
1.2719
1.3021
1.3039
1.2756
1.2777
1.276
1.2558
1.2526
1.2731
1.2726
1.269
1.2595
1.2525
1.2531
1.289
1.303
1.2828
1.2694
1.2634
1.2724
1.2669
1.284
1.2654
1.2942
1.2937
1.3024
1.3294
1.3349
1.3664
1.381
1.4358
1.4298
1.3875
1.3952
1.3966
1.3964
1.4062
1.4232
1.4085
1.3919
1.3946
1.3576
1.3445
1.3718
1.3714
1.3495
1.3347
1.3198
1.3174
1.3094
1.3244
1.2946
1.287
1.2955
1.2849
1.3123
1.3159
1.3244
1.2988
1.2804
1.2808
1.301
1.2857
1.2838
1.2874
1.3064
1.2966
1.2893
1.2822
1.2879
1.2571
1.2547
1.2675
1.269
1.2747
1.2742
1.2731
1.2764
1.2662
1.258
1.2549
1.2607
1.2565
1.2674
1.2636
1.2752
1.2774
1.2799
1.2891
1.2997
1.2972
1.311
1.373
1.3566
1.3569
1.3524
1.3539
1.356
1.3306
1.3146
1.3261
1.3223
1.3458
1.3447
1.3363
1.3282
1.3288
1.3149
1.3143
1.3354
1.3277
1.3182
1.3197
1.303
1.2903
1.2978
1.3012
1.3048
1.3277
1.3136
1.3061
1.3324
1.3244
1.3267
1.3365
1.3375
1.3313
1.3411
1.3494
1.362
1.3638
1.3612
1.3608
1.3539
1.3503
1.3608
1.3765
1.3804
1.4005
1.3992
1.3924
1.3948
1.4126
1.4192
1.427
1.4194
1.4187
1.399
1.3884
1.4014
1.3983
1.4093
1.404
1.3784
1.3878
1.385
1.3978
1.3998
1.3846
1.4035
1.4015
1.3953
1.4056
1.4058
1.402
1.4186
1.4018
1.3991
1.3938
1.3965
1.3852
1.4026
1.3926
1.3973
1.3971
1.4116
1.4115
1.412
1.4211
1.4196
1.422
1.4266
1.4213
1.4212
1.4215
1.4033
1.4066
1.4279
1.4416
1.44
1.4391
1.4357
1.418
1.4143
1.4141
1.4215
1.4283
1.4216
1.4088
1.4075
1.4262
1.4235
1.4305
1.432
1.435
1.423
1.4272
1.4358
1.4354
1.4235
1.4246
1.4278
1.4278
1.4497
1.4573
1.4568
1.4586
1.4613
1.4617
1.4698
1.4735
1.4704
1.4692
1.4795
1.4752
1.4696
1.4682
1.465
1.4553
1.463
1.4532
1.459
1.4647
1.4744
1.4675
1.4777
1.4715
1.4839
1.4899
1.4945
1.4889
1.4947
1.4905
1.5009
1.5003
1.5029
1.4941
1.4821
1.4763
1.4819
1.4755
1.4828
1.4658
1.4836
1.4857
1.4835
1.4999
1.496
1.4865
1.4886
1.4977
1.483
1.499
1.4905
1.487
1.4968
1.4937
1.5085
1.4963
1.4994
1.51
1.5059
1.5081
1.4885
1.482
1.4741
1.4725
1.4716
1.4601
1.4645
1.4514
1.4577
1.4317
1.4281
1.4319
1.4243
1.4341
1.4367
1.4392
1.4356
1.4316
1.4332
1.4419
1.4402
1.4404
1.4314
1.4357
1.4536
1.4523
1.4492
1.4478
1.4376
1.4269
1.4094
1.4106
1.4154
1.4146
1.4063
1.4053
1.3993
1.387
1.3904
1.3955
1.3907
1.3759
1.3608
1.3699
1.3795
1.3722
1.364
1.3625
1.3742
1.3623
1.3563
1.3538
1.359
1.3537
1.3576
1.3476
1.366
1.3516
1.3564
1.3731
1.3571
1.3608
1.3613
1.3586
1.3658
1.3674
1.3753
1.3652
1.3758
1.3739
1.3603
1.353
1.3531
1.3535
1.3347
1.3344
1.3398
1.3465
1.3409
1.3526
1.3569
1.3487
1.3486
1.3378
1.3364
1.336
1.3468
1.3587
1.3592
1.3666
1.354
1.3487
1.3458
1.3446
1.3383
1.3298
1.336
1.3336
1.323
1.313
1.3243
1.3302
1.3183
1.3037
1.289
1.2689
1.2721
1.2861
1.2715
1.2642
1.2568
1.239
1.2299
1.2358
1.2317
1.237
1.2575
1.2406
1.2279
1.2224
1.237
1.2369
1.2266
1.2206
1.2193
1.1998
1.1959
1.1995
1.2045
1.2111
1.2077
1.2277
1.2327
1.2323
1.2365
1.236
1.2385
1.2303
1.231
1.2288
1.2332
1.2316
1.2187
1.2291
1.2464
1.2577
1.2646
1.2594
1.2683
1.2639
1.2573
1.2719
1.2755
1.2893
1.2919
1.2963
1.2905
1.2818
1.2903
1.2874
1.2983
1.2983
1.2998
1.3064
1.3069
1.3174
1.3239
1.3158
1.3157
1.3282
1.3241
1.3095
1.2899
1.2866
1.2767
1.2838
1.289
1.2872
1.2837
1.2687
1.2663
1.2675
1.2652
1.2717
1.2765
1.2686
1.2704
1.2813
1.2824
1.2885
1.2723
1.2727
1.2708
1.2731
1.289
1.3014
1.3008
1.3079
1.3046
1.3074
1.3136
1.3385
1.3344
1.3476
1.3475
1.3583
1.3638
1.3601
1.3754
1.3688
1.3834
1.3924
1.3921
1.3923
1.3846
1.3964
1.4066
1.3998
1.3978
1.3827
1.3949
1.3973
1.3904
1.3986
1.3873
1.3788
1.3929
1.3894
1.3888
1.4026
1.4014
1.4224
1.4033
1.3927
1.3865
1.3728
1.37
1.3615
1.3517
1.3555
1.3618
1.3654
1.3612
1.3388
1.335
1.3243
1.3092
1.3036
1.3149
1.3228
1.3367
1.3275
1.3323
1.3242
1.3206
1.3242
1.3389
1.3395
1.3306
1.3206
1.3155
1.3124
1.3131
1.3089
1.3101
1.3146
1.3122
1.3183
1.3269
1.3371
1.3306
1.3171
1.3027
1.2944
1.2945
1.2978
1.3066
1.3364
1.3328
1.3399
1.3495
1.3443
1.3581
1.3653
1.3644
1.3688
1.3688
1.3607
1.3715
1.3793
1.3779
1.3654
1.3584
1.3557
1.3687
1.3688
1.3637
1.352
1.3474
1.3494
1.3547
1.3612
1.3673
1.3661
1.3758
1.3794
1.3757
1.3793
1.3813
1.3869
1.3947
1.3983
1.3976
1.3912
1.3906
1.3823
1.3864
1.3975
1.3968
1.3922
1.4021
1.4141
1.4184
1.4212
1.4124
1.42
1.4144
1.4104
1.409
1.4095
1.4183
1.4215
1.4221
1.423
1.4333
1.4287
1.4437
1.4454
1.4455
1.4477
1.4464
1.4443
1.4211
1.4319
1.4513
1.4585
1.4545
1.4576
1.4625
1.4659
1.4785
1.4821
1.487
1.4875
1.4859
1.4583
1.4495
1.4301
1.4358
1.4269
1.4229
1.4141
1.4219
1.4155
1.427
1.4254
1.4172
1.4015
1.4107
1.4102
1.4088
1.4287
1.4376
1.4431
1.4426
1.4604
1.462
1.4675
1.4587
1.4534
1.4365
1.4368
1.4473
1.4221
1.4155
1.4326
1.432
1.4399
1.4403
1.4166
1.4189
1.4282
1.4368
1.4428
1.4523
1.4508
1.447
1.4329
1.4349
1.4251
1.4034
1.4014
1.4167
1.4182
1.4156
1.4042
1.4156
1.4188
1.4372
1.4366
1.4357
1.4495
1.4373
1.4303
1.4388
1.4202
1.4232
1.432
1.4158
1.4158
1.4241
1.4242
1.4193
1.423
1.4239
1.4452
1.4421
1.4436
1.432
1.4408
1.4384
1.4431
1.4402
1.438
1.4463
1.451
1.4435
1.4406
1.4283
1.4203
1.3999
1.4058
1.3947
1.3666
1.3635
1.368
1.371
1.3858
1.3783
1.3636
1.3697
1.3724
1.3446
1.3518
1.3516
1.3606
1.3628
1.3639
1.3449
1.3281
1.3294
1.3328
1.3408
1.3512
1.3657
1.3805
1.373
1.3861
1.377
1.3719
1.3775
1.3672
1.3873
1.3932
1.3911
1.3838
1.4172
1.4164
1.3947
1.3676
1.3803
1.3744
1.3761
1.3744
1.3785
1.3596
1.36
1.3625
1.3524
1.3505
1.3522
1.3521
1.3525
1.35
1.3347
1.3244
1.3334
1.3343
1.3453
1.3487
1.3386
1.3463
1.3397
1.3386
1.3324
1.3368
1.3188
1.3094
1.2972
1.3013
1.3025
1.3017
1.3076
1.304
1.3045
1.304
1.3074
1.2926
1.2952
1.2973
1.3061
1.293
1.2783
1.2723
1.2745
1.2782
1.2686
1.2818
1.2682
1.274
1.2825
1.2937
1.2948
1.3035
1.3004
1.2978
1.3152
1.3192
1.3123
1.3053
1.3179
1.3167
1.3106
1.313
1.3244
1.3253
1.3297
1.3187
1.3211
1.3149
1.3087
1.311
1.3149
1.3255
1.3251
1.3308
1.3463
1.341
1.3452
1.3359
1.332
1.3202
1.3226
1.3114
1.3149
1.3256
1.3108
1.3141
1.3109
1.3025
1.307
1.3171
1.3242
1.3222
1.319
1.3194
1.3263
1.3328
1.3336
1.33
1.3265
1.3334
1.3325
1.3337
1.3126
1.3064
1.3089
1.3087
1.3068
1.3104
1.3171
1.3082
1.3067
1.3123
1.3122
1.3132
1.3212
1.3129
1.3207
1.321
1.3232
1.3248
1.3229
1.3226
1.3154
1.3147
1.3091
1.3052
1.3015
1.2954
1.2959
1.2937
1.2847
1.2769
1.273
1.2709
1.2721
1.2769
1.2735
1.2569
1.2583
1.2518
1.2488
1.2405
1.2364
1.242
1.2495
1.2437
1.2535
1.2568
1.2482
1.2504
1.2477
1.2596
1.2608
1.2633
1.2578
1.2692
1.2703
1.2586
1.2545
1.248
1.2471
1.2457
1.2433
1.2668
1.2584
1.262
1.2384
1.2283
1.2299
1.2255
1.2244
1.2199
1.2232
1.2267
1.2234
1.2261
1.2257
1.2176
1.2126
1.2062
1.2132
1.228
1.237
1.225
1.2315
1.2299
1.2149
1.239
1.2422
1.2422
1.2364
1.2278
1.2298
1.2339
1.2329
1.2288
1.2356
1.2315
1.2343
1.2472
1.2472
1.2583
1.2533
1.2514
1.2564
1.2538
1.2497
1.2578
1.2566
1.2603
1.2626
1.2796
1.2795
1.2858
1.2894
1.2912
1.3142
1.3125
1.3051
1.3065
1.2948
1.299
1.2909
1.2945
1.2852
1.2874
1.2856
1.29
1.2951
1.2909
1.3001
1.3059
1.2876
1.2888
1.2928
1.2946
1.295
1.3036
1.3133
1.3106
1.3022
1.3063
1.2971
1.2946
1.2958
1.2938
1.2906
1.2979
1.2958
1.2937
1.2848
1.279
1.2818
1.2759
1.274
1.2715
1.2716
1.274
1.2783
1.2715
1.2806
1.2814
1.2816
1.2959
1.2966
1.294
1.2923
1.2953
1.301
1.3066
1.3081
1.3077
1.2968
1.2942
1.293
1.2992
1.3038
1.3077
1.3134
1.3169
1.3224
1.326
1.3224
1.3166
1.3179
1.3228
1.3228
1.322
1.3186
1.3195
1.311
1.3047
1.3099
1.3068
1.3078
1.322
1.3353
1.3369
1.3342
1.3305
1.3356
1.3303
1.3304
1.3308
1.3378
1.3456
1.3459
1.3484
1.3564
1.3584
1.3692
1.3527
1.3569
1.3528
1.3382
1.3366
1.3414
1.345
1.3448
1.3334
1.3362
1.3387
1.335
1.3204
1.3166
1.3172
1.3054
1.3104
1.3079
1.2988
1.2996
1.3019
1.299
1.3098
1.2992
1.3014
1.3023
1.2949
1.2974
1.3076
1.2956
1.2888
1.295
1.2928
1.2996
1.2881
1.2858
1.2782
1.2842
1.2816
1.2857
1.2836
1.2847
1.2854
1.3027
1.3008
1.3092
1.306
1.3124
1.3094
1.3082
1.3141
1.3049
1.3072
1.3066
1.305
1.3012
1.2997
1.3004
1.3024
1.309
1.3168
1.3192
1.3066
1.3112
1.3067
1.3085
1.3177
1.3105
1.2955
1.2981
1.2969
1.2857
1.2898
1.2818
